e_d
0

126.21771172096385

80.01437575867422

-166.5306000367024

11.309048988331115

-155.0299299511781

64.50454688513334

-162.0895007497932

27.22845988473804

-74.67294202919284

-41.50341166285473

-86.77333752809417

7.36996200711204

-35.28822246325852

13.671050467343187

-77.52987086669734

-17.94550866213844

39.13384835479256

54.775565263606964

61.89485833657256

79.33509144233291

83.73945519501271

55.14315685077815

-8.862247245111757

86.1759008681429

61.121610735055775

-65.56514750806639

160.70765336644683

25.4291786222836

-58.49658535887699

-86.31667292583187

-9.865549005026706

-102.93163926062088

-52.65334596215647

-23.41111675139001

-45.780416166008656

-72.59269993659994

-61.23611849429197

-62.669433037140905

-1.5404123617929892

4.091553710222926

-8.508047068252782

-8.726440595546276

57.94405450976745

6.912505424596911

20.441153825066923

40.903017544528865

95.51529139118638

138.17678659567417

102.8836901041108

-68.36078197639766

26.973935186068246

173.27581808428207

-28.79801081369735

-50.05450308744297

30.058946766293662

-22.178368175708524

-114.32476987746645

-54.271595507227346

-46.015656164883005

-73.5558439270161

-50.59408320213297

-112.747057364696

-12.985851148551019

-36.26572880031262

-12.895548590538072

19.71173070822192

33.18082686870324

-14.1410291263062

50.62504136264626

82.81629018047938

-19.320993920849507

164.15955353629306

31.82011772275576

155.59382321923658

-152.76666817651926

103.6724410387196

-30.788224563427004

66.87714230155302

68.84085778781038

-1.5550908982535614

-102.29339351368364

-57.67984564203653

-132.61071260849562

6.729194697198812

-10.7762536166031

7.533892766330975

-93.4827613325739

-55.08702314856807

11.288286979366392

-52.13710464115095

-3.5226145984288

69.8695426220207

-31.391707442698944

-32.790485933747796

95.39903121841448

20.150108017111055

128.49576147883124

-24.725851314600877

116.42576091309571

-25.721817778615016

-3.037792664449548

110.94623522565752

-98.12914926750628

50.86281684835858

9.480398026088263

-19.90957598771531

49.968225874571395

-104.0127696808295

-38.24808390961158

-6.869104406096017

-51.924474123539234

-110.80376611213978

14.569802458244418

-29.736619087974557

7.546349408005655

-1.8959869233078694

-41.77885227492186

11.790862392147323

12.559020400376768

45.93909358238393

-22.8577943140622

18.400810073502257

77.70326248169891

66.35376154840434

-57.29105105677876

143.4680272887198

-8.704402710681057

86.2055518726422

-40.12537228728059

-68.03279534846098

72.04060867633676

13.990712074303406

-32.79532402337273

21.366779010941045

-78.95084931325061

-41.08217965479603

-18.6325221522138

-67.95255866607825

23.902888345410773

-73.98435286204281

58.113156061863734

-65.01642576497203

-34.900791758084516

-18.451574711052338

-44.56121040153109

20.86196215726967

40.494798977191756

22.604861649241187

13.156019006133624

132.9321740789772

-15.221476061767772

69.92359508781297

-16.03589868276148

109.14267750439996

-5.530808585035898

69.89761456521221

-34.53504846151095

-52.83172441752319

-34.582308176460494

-102.07519823820044

-23.829036938905343

41.7302186314733

-3.8141904219064133

14.451523149780366

-131.22779812177433

-37.62489695363986

23.304198432298936

-14.061620083370872

1.08401512858583

75.85735579250624

-129.90090023524814

66.58443028712661

67.0726181019244

20.858230202446528

30.734549684629062

5.251848229302098

141.24743759308907

-96.5140144805571

103.07738975322656

127.19237388738182

-136.39237172811053

-0.5276038960110225

-27.36205014731669

-101.39736887907644

72.88633176901506

-144.19065788971935

-4.037063449094998

37.59802927941355

2.949486574702785

4.863125852839299

-39.50942973518568

52.545308832789516

44.34920574363474

-126.89921807952703

86.61199315548396

21.025985639577723
