time,e_d_x,e_p_x,e_i_x,e_d_y,e_p_y,e_i_y,e_d_z,e_p_z,e_i_z,roll,pitch,yaw,thrust,x,y,z
43.586185455322266,0,-40.0,0.0,0,-40.0,0.0,0,80.0,0.0,1453.358492406526,1546.4877304465494,1500,1727.3841495162562,0.0,0.0,0.0
43.59323072433472,-1189.0,-48.3655200555456,-0.3404252250384849,2473.0,-22.532990002687686,-0.1591646420501776,-358.0,77.464426397599,0.5483803149694227,1400.0,1400.0,1500,2050.0,8.365520055545602,-17.467009997312314,2.5355736024010036
43.60026550292969,-249.0,-50.119773837554,-0.6931023330977883,522.0,-18.870149181709557,-0.2914890581469702,-76.0,76.93271533217349,1.087273818268005,1400.0,1400.0,1500,2050.0,10.119773837554002,-21.129850818290443,3.0672846678265135
43.60718655586243,-116.0,-50.9195022945964,-1.0456524454966702,242.0,-17.200334889048275,-0.41030383712827334,-35.0,76.69031912114279,1.616552255787012,1400.0,1400.0,1500,2020.4466370759737,10.919502294596397,-22.799665110951725,3.309680878857213
43.6142213344574,-67.0,-51.389449757303765,-1.4071535944570812,140.0,-16.21909559073596,-0.5243435796138906,-20.0,76.54787891742033,2.154629875845621,1400.0,1400.0,1500,1813.0837294663597,11.389449757303765,-23.78090440926404,3.4521210825796604
43.62174963951111,-41.0,-51.69917846859513,-1.796311476816225,86.0,-15.572389293857913,-0.6417554884857708,-12.0,76.45400071988551,2.7310920904982496,1400.0,1400.0,1500,1748.7901904551513,11.69917846859513,-24.427610706142087,3.5459992801144877
43.62808060646057,-34.0,-51.91482263314411,-2.125044390385121,71.0,-15.12212932758814,-0.7373345520143948,-10.0,76.38863937384706,3.2139593303832954,1400.0,1416.1651088940878,1500,1737.7497760804729,11.91482263314411,-24.87787067241186,3.6113606261529494
43.63521480560303,-22.0,-52.06884303218531,-2.4963400871800197,45.0,-14.800538340778022,-0.8433374005816354,-7.0,76.34195607676007,3.761692275877456,1407.8334861788928,1453.0162945188192,1500,1724.2515702837768,12.068843032185315,-25.199461659221978,3.6580439232399318
43.64205026626587,-16.0,-52.18001480064338,-2.853138932586183,34.0,-14.56841429132474,-0.9425718853264579,-5.0,76.30826012007563,4.281820728315058,1415.4616526104924,1468.198675550961,1500,1721.4398554165034,12.180014800643379,-25.43158570867526,3.6917398799243752
43.64939904212952,-11.0,-52.260472176559965,-3.2370523705973917,23.0,-14.400421174320506,-1.0486445524914112,-3.0,76.28387363876448,4.843632379712151,1423.0809213197242,1484.1395157731843,1500,1720.3075596008284,12.260472176559967,-25.599578825679494,3.716126361235518
43.65601587295532,-9.0,-52.31859854235706,-3.583397844632437,18.0,-14.279054683565132,-1.1427589673567042,-3.0,76.26625564517413,5.34505484829605,1426.1734234939768,1490.2938848263077,1500,1720.545080271042,12.31859854235706,-25.720945316434868,3.733744354825876
43.663145780563354,-6.0,-52.36039570784274,-3.956635242511342,12.0,-14.191783180711742,-1.2440973315435435,-2.0,76.2535870018911,5.889444909003291,1430.3669303501465,1499.061182973896,1500,1721.2460757582223,12.36039570784274,-25.80821681928826,3.7464129981088976
43.67047452926636,-4.0,-52.390233740129815,-4.340527646058903,8.0,-14.129482067953901,-1.3479620469097056,-1.0,76.24454314968438,6.451148682340953,1432.9416846517688,1504.3507147372293,1500,1722.148123890314,12.390233740129817,-25.8705179320461,3.7554568503156176
43.67717409133911,-3.0,-52.41131667485733,-4.691810465416677,7.0,-14.085461393899802,-1.44196242215114,-1.0,76.23815295129847,6.958784546509088,1434.2707648908795,1506.986286522963,1500,1722.8861411792236,12.411316674857334,-25.914538606100198,3.7618470487015263
43.68762183189392,-1.0,-52.42599840887746,-5.2395686937835855,3.0,-14.054806277038608,-1.5888234972434012,-0.0,76.23370294496632,7.7557088846889135,1436.7922183787834,1512.18108009229,1500,1724.3163061058426,12.425998408877458,-25.945193722961392,3.766297055033676
43.69588232040405,-1.0,-52.43600801424145,-5.6726157217542115,3.0,-14.033906455413518,-1.7048006094311547,-0.0,76.23066905215836,8.385647723015323,1437.0774156574794,1512.7315339023596,1500,1725.0732036549612,12.436008014241448,-25.96609354458648,3.769330947841639
43.701807737350464,-1.0,-52.44261434184226,-5.983385084076659,2.0,-14.020112598070195,-1.7879458179721661,-0.0,76.22866668652392,8.837734191670737,1437.2228451223202,1513.0029568414582,1500,1725.6021655935801,12.44261434184226,-25.979887401929805,3.771333313476078
43.70885515213013,-1.0,-52.44674739085107,-6.352961553947225,1.0,-14.011482888515147,-1.8867473397289878,-0.0,76.2274139670403,9.375285702080358,1437.9954558432846,1514.561861692767,1500,1726.3984263733469,12.446747390851073,-25.988517111484853,3.7725860329596954
43.71581673622131,-0.0,-52.44908799220347,-6.718077785673956,1.0,-14.006595767696535,-1.9842621128623865,-0.0,76.22670453511456,9.90614422818402,1438.3685193369806,1515.2967081430454,1500,1727.0839201551848,12.449087992203467,-25.993404232303465,3.773295464885441
43.72303104400635,-0.0,-52.45013402262727,-7.096569236570901,0.0,-14.004411680664447,-2.0850505085038415,-0.0,76.22638748523454,10.454229296357358,1438.6582101215076,1515.858235805034,1500,1727.7665933423593,12.450134022627266,-25.995588319335553,3.7736125147654582
43.72971701622009,-0.0,-52.45024920137692,-7.447337681132531,0.0,-14.00417119013208,-2.1785718257559052,-0.0,76.2263525747693,10.963331358267276,1438.8562043704908,1516.2352670423177,1500,1728.3818061065758,12.450249201376918,-25.99582880986792,3.7736474252307057
43.73699593544006,0.0,-52.4496989814112,-7.82876466361425,-0.0,-14.00532003653709,-2.2810496795121717,0.0,76.22651934541969,11.520885933948517,1439.0060041729455,1516.5073128458414,1500,1729.03505140286,12.449698981411206,-25.99467996346291,3.773480654580308
43.74398064613342,0.0,-52.448676903130114,-8.195416116507669,-0.0,-14.007454112056042,-2.3785336924809304,0.0,76.2268291354497,12.051436371625705,1439.1233242066246,1516.7187568845195,1500,1729.6507279150455,12.448676903130114,-25.992545887943958,3.77317086455029
43.75086522102356,0.0,-52.4473239183238,-8.556431123728396,-0.0,-14.010279112651492,-2.474958445466148,0.0,76.22723922263336,12.576210334732227,1439.211718170062,1516.865734795658,1500,1730.2497523532734,12.447323918323796,-25.989720887348508,3.77276077736664
43.7580623626709,0.0,-52.44574254436127,-8.93389056162003,-0.0,-14.013580984457366,-2.5758429015822735,0.0,76.22771853414636,13.125122808145415,1439.2618749535354,1516.9338704458855,1500,1730.863607804339,12.445742544361273,-25.986419015542634,3.7722814658536348
43.76489877700806,0.0,-52.444007223335994,-9.292457035376726,-1.0,-14.017204294125598,-2.6715399814702088,0.0,76.22824450672836,13.64663233061221,1439.3271446417325,1517.0364835811856,1500,1731.4527258193,12.444007223335996,-25.982795705874402,3.7717554932716357
43.77232098579407,0.0,-52.44217189914674,-9.681631268463512,-1.0,-14.021036408058645,-2.775787556368287,0.0,76.22880079008377,14.212145790147867,1439.3353346906097,1517.0147683385428,1500,1732.071398632055,12.44217189914674,-25.978963591941355,3.77119920991624
43.77955460548401,0.0,-52.44027555717706,-10.060826748184015,-1.0,-14.02499592568849,-2.877463078960929,0.0,76.22937556781515,14.765868263632054,1439.3740718559598,1517.0587545066926,1500,1732.6862279365441,12.440275557177058,-25.97500407431151,3.7706244321848468
43.78611707687378,0.0,-52.438346273014176,-10.40515193174369,-1.0,-14.029024225846396,-2.9692170845273873,0.0,76.22996033026416,15.263344477602237,1439.4352231195035,1517.158568642876,1500,1733.2504060080541,12.438346273014178,-25.970975774153604,3.770039669735836
43.79320764541626,0.0,-52.43640417066348,-10.776930846011037,-1.0,-14.03307929008033,-3.0687731270449614,0.0,76.23054897788211,15.804080507510882,1439.423523148341,1517.0961050048695,1500,1733.8342066421187,12.436404170663478,-25.96692070991967,3.7694510221178876
43.80003237724304,0.0,-52.434463583452455,-11.13481950250019,-1.0,-14.037131190738087,-3.1646029034549676,0.0,76.23113716626403,16.324791948506448,1439.4548362252876,1517.127852842513,1500,1734.4116332200101,12.434463583452457,-25.962868809261913,3.768862833735964
43.80692934989929,0.0,-52.43253463214204,-11.496470261936766,-1.0,-14.041158795907844,-3.261320527826633,0.0,76.23172182782608,16.849887572316195,1439.4646280187112,1517.1159103356913,1500,1734.9874392460033,12.432534632142037,-25.958841204092156,3.7682781721739165
43.82518672943115,0.0,-52.430624377125895,-12.453516063322915,-0.0,-14.045147363652916,-3.5182704991818756,0.0,76.23230082257604,18.245215609208607,1439.2535851681405,1516.589941633741,1500,1736.4390427116894,12.430624377125898,-25.954852636347084,3.7676991774239648
43.83165192604065,0.0,-52.42873765941112,-12.792528160219298,-1.0,-14.049086786063874,-3.608825943246311,0.0,76.23287268321363,18.736931073221626,1439.5374557385112,1517.1478547905867,1500,1737.0665539277168,12.42873765941112,-25.950913213936126,3.7671273167863704
43.83864951133728,0.0,-52.426877714213035,-13.159527203819144,-1.0,-14.052970308086863,-3.7069952771875188,0.0,76.23343642915111,19.269235992631508,1439.5165825348074,1517.0699313767175,1500,1737.6396722739769,12.426877714213031,-25.947029691913137,3.766563570848895
43.84541392326355,0.0,-52.42504661843205,-13.514189311715473,-1.0,-14.056793593202446,-3.802054408208445,0.0,76.2339914308838,19.7840053334579,1439.5397111821644,1517.0837137030983,1500,1738.207811140675,12.425046618432047,-25.943206406797554,3.766008569116199
43.8525505065918,0.0,-52.42324561678502,-13.888237180342431,-1.0,-14.060554042470983,-3.902361848503382,0.0,76.23453731114034,20.32753236529735,1439.5303049447723,1517.0297028957452,1500,1738.7967556587796,12.42324561678502,-25.939445957529017,3.7654626888596496
43.859952449798584,0.0,-52.421475359307706,-14.276032995201964,-0.0,-14.064250298633034,-4.006947488174318,0.0,76.23507387289612,20.895546103357795,1439.52890488171,1516.9870500275642,1500,1739.4135638149976,12.421475359307705,-25.935749701366966,3.7649261271038794
43.866910457611084,0.0,-52.41973607413448,-14.640794924012964,-1.0,-14.067881885349372,-4.104691050372683,0.0,76.23560104700401,21.42535785160473,1439.5604907349784,1517.023391201979,1500,1740.0027357466804,12.419736074134475,-25.932118114650628,3.764398952995993
43.873977184295654,0.0,-52.418027693023035,-15.011143814473703,-1.0,-14.071448945108315,-4.204160328177419,0.0,76.23611885414812,21.96418854757508,1439.5653109819825,1516.9978027569412,1500,1740.5909615817827,12.418027693023035,-25.928551054891685,3.763881145851877
43.88066101074219,0.0,-52.41634994238715,-15.361748038114543,-1.0,-14.074952049151516,-4.297845600229281,0.0,76.23662737725195,22.47072367992344,1439.5938098601082,1517.028576533189,1500,1741.1535850851812,12.416349942387148,-25.925047950848484,3.7633726227480504
43.88771843910217,0.0,-52.41470240916248,-15.731636052099415,-0.0,-14.078392059947632,-4.3972296960179955,0.0,76.23712674151452,23.008925327399695,1439.5853232950528,1516.973298031485,1500,1741.7357290989487,12.41470240916248,-25.92160794005237,3.762873258485481
43.894912004470825,0.0,-52.41308458831833,-16.108697994764494,-0.0,-14.081770031988945,-4.498521114538233,0.0,76.2376171000097,23.557054786129413,1439.5896732851368,1516.9479998274817,1500,1742.3344796776012,12.413084588318327,-25.918229968011055,3.7623828999902993
43.90266275405884,0.0,-52.411495916992216,-16.514476523672386,-0.0,-14.085087140519125,-4.6084668297225875,0.0,76.23809862334006,24.15411905795603,1439.5794483890752,1516.8841959685933,1500,1742.9795450303548,12.411495916992214,-25.914912859480875,3.7619013766599347
43.90872669219971,0.0,-52.40993579888277,-16.832761961415844,-1.0,-14.088344630601465,-4.693175511601425,0.0,76.23857149224345,24.61053579126154,1439.667429284745,1517.0493395078724,1500,1743.5103358088015,12.409935798882774,-25.911655369398535,3.7614285077565484
43.916043281555176,0.0,-52.40840362155591,-17.21601280729644,-0.0,-14.091543780984018,-4.796519448212379,0.0,76.2390358923475,25.17063578687149,1439.6164951288329,1516.8997877579673,1500,1744.100197947036,12.408403621555912,-25.90845621901598,3.760964107652503
43.922664165496826,0.0,-52.406898768602915,-17.563117749568576,-0.0,-14.094685878713744,-4.889596776290795,0.0,76.23949201048454,25.673590924107632,1439.6569977638435,1516.9554025007944,1500,1744.6627993468533,12.406898768602913,-25.905314121286256,3.7605079895154616
43.92967510223389,0.0,-52.405420628065585,-17.930603804826532,-0.0,-14.097772201545013,-4.988455532354219,0.0,76.23994003213797,26.20777713418312,1439.6495737988348,1516.9045547147014,1500,1745.2417250328742,12.405420628065588,-25.902227798454987,3.7600599678620323
43.94045901298523,0.0,-52.403968598161,-18.495636066647144,-0.0,-14.100804005986518,-5.1405207061706095,0.0,76.24038013970707,27.02989205788886,1439.5646902225603,1516.6777000333063,1500,1746.1097600661321,12.403968598160997,-25.899195994013482,3.759619860292923
43.9475154876709,0.0,-52.40254209105881,-18.865313328460388,-0.0,-14.103782519414207,-5.240305973586518,0.0,76.24081251136215,27.570573650866017,1439.6771509507942,1516.8741366851082,1500,1746.7341282043722,12.402542091058814,-25.896217480585793,3.759187488637854
43.954728841781616,0.0,-52.40114053526018,-19.243413751595934,-0.0,-14.106708935104326,-5.341971851331749,0.0,76.24123732032342,28.119456231176,1439.682114945154,1516.8523001491815,1500,1747.3348762036928,12.40114053526018,-25.893291064895674,3.7587626796765803
43.961299657821655,0.0,-52.39976337697766,-19.587785422673278,-0.0,-14.109584409352067,-5.4343671201027455,0.0,76.24165473444285,28.61831753749334,1439.7188402004222,1516.8983662372775,1500,1747.890710292385,12.399763376977658,-25.890415590647933,3.7583452655571588
43.96843218803406,0.0,-52.39841008080704,-19.961506172902002,-0.0,-14.112410060068893,-5.535192544263708,0.0,76.24206491600043,29.16275258233013,1439.7067113571263,1516.836102312981,1500,1748.478868615575,12.398410080807036,-25.887589939931107,3.7579350839995658
43.97552013397217,0.0,-52.397080129902086,-20.33294381392716,-0.0,-14.115186966417621,-5.635149362671848,0.0,76.24246802165133,29.702627922849807,1439.7196301228498,1516.830472040804,1500,1749.0716062254403,12.397080129902088,-25.88481303358238,3.7575319783486694
43.982757329940796,0.0,-52.39577302580538,-20.711892448727546,-0.0,-14.117916169165692,-5.7376769158756185,0.0,76.24286420247705,30.257466328471384,1439.72615654443,1516.8064555105896,1500,1749.6770268986672,12.395773025805385,-25.882083830834308,3.7571357975229485
43.98956489562988,0.0,-52.39448828804586,-21.06879622224462,-0.0,-14.120598671525457,-5.833450324528772,0.0,76.2432536041075,30.773497947379646,1439.7526225402275,1516.8333318857378,1500,1750.2496860148958,12.394488288045855,-25.879401328474543,3.7567463958925127
43.99663853645325,-3.0,-52.417742918251875,-21.43955551369221,12.0,-14.034562970875683,-5.932715743795949,114.0,77.05148310647792,31.318771280348948,1442.9319233770218,1499.17180320221,1500,1997.9439952969763,12.417742918251871,-25.965437029124317,2.948516893522079
44.03254151344299,-1.0,-52.44986963987661,-23.322561936300733,4.0,-13.896716690006592,-6.431689002175645,25.0,77.96615398239736,34.11819278713411,1440.281097448647,1510.2566145624462,1500,1812.9360179336124,12.44986963987661,-26.103283309993408,2.0338460176026434
44.06940793991089,2.0,-52.36204658620227,-25.252876087886257,-3.0,-14.002029930541102,-6.948144184817254,-22.0,77.14732956872008,36.964583129390896,1441.5067339051643,1520.6398890605988,1500,1711.2581250635615,12.362046586202272,-25.997970069458898,2.852670431279918
44.10573625564575,2.0,-52.29752783292662,-27.152906815580934,-2.0,-14.079717045573915,-7.459398253611017,-16.0,76.54840838093654,39.743267810523776,1441.1512058289077,1519.5511878128334,1500,1725.0146095856524,12.297527832926622,-25.920282954426085,3.4515916190634686
44.14804792404175,0.0,-52.28949558406067,-29.365088344008353,3.0,-13.95935420997225,-8.050474481987084,23.0,77.53600822487095,43.0278647165647,1441.9570274266566,1511.683071014439,1500,1816.4899081883054,12.289495584060665,-26.04064579002775,2.463991775129042
44.18512439727783,0.0,-52.28335351159626,-31.303907264890853,2.0,-13.872008152755608,-8.5643167487004,19.0,78.25791901466502,45.92521293264805,1441.802618634693,1512.2722763984561,1500,1813.4977522273741,12.28335351159626,-26.12799184724439,1.7420809853349786
44.22242474555969,0.0,-52.28106991962392,-33.25393459277069,7.0,-13.625261684505013,-9.072605476759007,62.0,80.55689676117268,48.930435776084636,1444.6821600805627,1505.9010604398134,1500,1912.831305880731,12.28106991962392,-26.374738315494987,-0.5568967611726815
44.26977324485779,4.0,-52.07132674777391,-35.719458600282046,-4.0,-13.815285105161372,-9.726738493863731,-36.0,78.82922297635751,52.66289997920146,1444.3170749415563,1522.2612485972172,1500,1701.6259893503614,12.071326747773911,-26.184714894838628,1.1707770236424813
44.31572079658508,5.0,-51.83851242343019,-38.10098999044728,-2.0,-13.916214151111188,-10.366555927384557,-17.0,78.05276524167736,56.25291807501985,1446.8446227179268,1519.267798864628,1500,1744.8112023404829,11.838512423430188,-26.083785848888812,1.9472347583226328
44.35227990150452,9.0,-51.502848715679626,-39.98418274195778,-6.0,-14.142168629096194,-10.883139254080762,-52.0,76.15149929569753,59.03297257837881,1450.7958289584983,1526.3595151879738,1500,1666.4721531187001,11.502848715679624,-25.857831370903806,3.848500704302463
44.38925528526306,9.0,-51.155825977987895,-41.875689038979225,-6.0,-14.348265375278224,-11.41366503081503,-47.0,74.40798097185633,61.784200749021515,1451.7406264159135,1525.5791361605197,1500,1675.0843437692542,11.155825977987895,-25.651734624721776,5.592019028143673
44.426039695739746,11.0,-50.74620126507084,-43.74210406086483,-5.0,-14.531205512528725,-11.948706535514589,-38.0,72.99561851209607,64.47337396509516,1455.253385217345,1524.66241293266,1500,1692.3041575909724,10.746201265070837,-25.468794487471275,7.004381487903929
44.46342873573303,12.0,-50.27964728512576,-45.62226354370005,-4.0,-14.679451723162831,-12.497035664822185,-15.0,72.4488388031797,67.17819367225724,1458.991050812377,1522.6990247736037,1500,1743.849624639444,10.279647285125758,-25.32054827683717,7.551161196820303
44.4997022151947,15.0,-49.722512076388,-47.42559940455994,-5.0,-14.861401340954828,-13.036563935111413,-21.0,71.69043971037094,69.78233021623521,1463.4080361838053,1524.5797734945477,1500,1730.553387704747,9.722512076387998,-25.138598659045172,8.309560289629058
44.54653263092041,14.0,-49.059128303016934,-49.72302368830808,-8.0,-15.249432820570885,-13.750744842657266,-45.0,69.57991791904959,73.04086964427076,1461.2249567837341,1530.6468964763308,1500,1677.5522454369277,9.05912830301693,-24.750567179429115,10.420082080950403
44.5838041305542,20.0,-48.31701952991013,-51.524194014926906,-13.0,-15.74572845586695,-14.337108709090334,-69.0,67.0143208546551,75.53517470320392,1469.504143200753,1539.9941907652608,1500,1622.0700705636111,8.31701952991013,-24.25427154413305,12.985679145344898
44.622424364089966,22.0,-47.477673523156,-53.357566462936866,-15.0,-16.307195447882602,-14.967421277280605,-74.0,64.16923632408107,78.01681730365839,1473.043540010452,1542.9216003338684,1500,1607.187460033743,7.477673523156001,-23.692804552117398,15.830763675918933
44.659215450286865,23.0,-46.615705329260166,-55.07257555368425,-12.0,-16.75505995789271,-15.583826174684951,-28.0,63.126520317308405,80.33899449272197,1478.0210708051536,1537.6352966554548,1500,1702.794051905172,6.615705329260168,-23.24494004210729,16.873479682691595
44.69630551338196,27.0,-45.62500443995044,-56.7648098470759,-19.0,-17.448276357287494,-16.230992165663874,-87.0,59.90040302866687,82.56094700374933,1482.5593674671813,1551.8924902363417,1500,1572.7317961140927,5.625004439950437,-22.551723642712506,20.099596971333128
44.73391342163086,27.0,-44.593941471002665,-58.4421605069783,-13.0,-17.92821141345697,-16.90468329555693,-23.0,59.03918708491345,84.77821875820553,1486.167727084149,1539.7886231312584,1500,1707.9722035588868,4.5939414710026645,-22.07178858654303,20.960812915086553
44.77092909812927,29.0,-43.5022227541294,-60.0523521092401,-17.0,-18.568093263672505,-17.591980548062157,-57.0,56.91728815764258,86.88502354353784,1489.9820221048099,1549.27409307018,1500,1632.2822722037079,3.502222754129397,-21.431906736327495,23.08271184235742
44.817885398864746,26.0,-42.290184844146644,-62.037951174390784,-10.0,-19.052464203279516,-18.487222476776655,-6.0,56.65256490067336,89.54766318979851,1486.788107659341,1536.8114035038768,1500,1743.4140641467927,2.290184844146641,-20.947535796720484,23.34743509932664
44.863179445266724,29.0,-40.97718453474892,-63.893993211574326,-11.0,-19.56995404779751,-19.37384884385275,-5.0,56.41052498275117,92.10394801379351,1492.7761030527736,1538.935368909394,1500,1746.3082586751852,0.9771845347489195,-20.43004595220249,23.589475017248827
44.90023732185364,37.0,-39.59771226741465,-65.36162692583137,-16.0,-20.149026721376565,-20.119640267510533,-33.0,55.18573831036879,94.14543550641132,1506.1955393679557,1547.1887391170262,1500,1687.1953405293743,-0.4022877325853478,-19.850973278623435,24.81426168963121
44.937260389328,33.0,-38.3822412632926,-66.78228919236263,-15.0,-20.709160133709535,-20.887023456030313,-32.0,54.01648906868317,96.14795748258585,1501.2007833782181,1547.0311972937711,1500,1689.4894747598514,-1.6177587367074024,-19.290839866290465,25.983510931316832
44.98451900482178,28.0,-37.05106101244186,-68.53339470964448,-12.0,-21.280725776534716,-21.892731240372825,-29.0,52.66529802944768,98.63706001057847,1495.9327334177622,1543.190742170313,1500,1694.0843475881795,-2.9489389875581336,-18.719274223465284,27.334701970552317
45.0213258266449,39.0,-35.60685593425364,-69.84395293302607,-15.0,-21.850706976084613,-22.697085301426462,-37.0,51.30412842306845,100.52562209767004,1513.9323776473948,1549.3458085024656,1500,1676.3053433504845,-4.393144065746365,-18.149293023915387,28.69587157693155
45.065937757492065,6424.0,250.99376476245106,-58.64639709006623,6328.0,260.412635007005,-11.080692406552695,6623.0,346.7419149114559,115.99296037265049,1600.0,1400.0,1500,2050.0,-290.99376476245106,-300.412635007005,-266.7419149114559
45.11075806617737,4674.0,460.4867921622936,-38.00745649706075,4603.0,466.7410052241653,9.83878352368289,4819.0,562.7053097443211,141.21251277904662,1600.0,1400.0,1500,2050.0,-500.4867921622936,-506.7410052241653,-482.7053097443211
45.152822732925415,-3109.0,329.69484017958456,-24.137380808849297,-3146.0,334.47327273586785,23.899518366778118,-3306.0,423.7809406338391,159.01830729654023,1600.0,1600.0,1500,2050.0,-369.69484017958456,-374.47327273586785,-343.7809406338391
45.18981218338013,-2583.0,234.16919609252858,-15.476540046844022,-2616.0,237.6347246005016,32.69555848777962,-2746.0,322.0509454960893,170.94714955270035,1600.0,1600.0,1500,2050.0,-274.1691960925286,-277.6347246005016,-242.0509454960893
45.237130880355835,-1467.0,164.7698793913981,-7.6798440531985,-1499.0,166.71004557255512,40.58453757830008,-1577.0,247.42905734793482,182.65528812370093,1600.0,1600.0,1500,2050.0,-204.7698793913981,-206.71004557255512,-167.42905734793482
45.27340245246887,-1379.0,114.73967663543291,-3.518165022172516,-1431.0,114.81712886689772,44.74798561726536,-1501.0,193.00892529563876,189.65215985526876,1600.0,1600.0,1500,2050.0,-154.73967663543291,-154.81712886689772,-113.00892529563876
45.310340881347656,-982.0,78.47624706061274,-0.619357041254859,-1031.0,76.7327480940852,47.58321432299986,-1120.0,151.63012043815567,195.25653651011427,1600.0,1600.0,1500,2050.0,-118.47624706061274,-116.7327480940852,-71.63012043815567
45.34730505943298,-698.0,52.66446946786387,1.3273292307365556,-748.0,49.106248119988095,49.397836155039975,-758.0,123.60180869095814,199.82399073675808,1400.0,1600.0,1500,2050.0,-92.66446946786387,-89.1062481199881,-43.60180869095813
45.38514065742493,-492.0,34.03160352191951,2.6150164382786683,-537.0,28.788147789056993,50.48692253276286,-593.0,101.15951174236334,203.64980542953091,1400.0,1600.0,1500,2050.0,-74.03160352191951,-68.78814778905699,-21.15951174236334
45.43189215660095,-280.0,20.94107001043102,3.5941077612384618,-316.0,14.017821123396395,51.14202936939742,-335.0,85.52244150314564,207.64555901562386,1400.0,1600.0,1500,2050.0,-60.94107001043102,-54.017821123396395,-5.522441503145642
45.4683735370636,-256.0,11.60131866334649,4.017287327836089,-298.0,3.1308160548446367,51.25633468797388,-357.0,72.47146648480923,210.2927010805144,1400.0,1600.0,1500,2019.0257074164742,-51.60131866334649,-43.13081605484464,7.528533515190773
45.50597929954529,-167.0,5.3088523659673115,4.2169370976062,-208.0,-4.694301168665476,51.07981646291952,-223.0,64.09719173337996,212.70385838272932,1400.0,1600.0,1500,1832.229531948211,-45.30885236596731,-35.305698831334524,15.902808266620037
45.542553186416626,-114.0,1.1458575334595125,4.2588441954369936,-154.0,-10.336600063182377,50.701722461699426,-158.0,58.31263143656282,214.8362721061361,1400.0,1600.0,1500,1770.6090048427568,-41.14585753345951,-29.663399936817623,21.687368563437182
45.579516887664795,-83.0,-1.9285159068735638,4.187563247749178,-115.0,-14.605695520070583,50.161866271858024,-176.0,51.81170946040796,216.75135053854265,1400.0,1600.0,1500,1637.2175717205212,-38.071484093126436,-25.394304479929417,28.18829053959204
45.61612868309021,-54.0,-3.903980848923304,4.044625914874259,-84.0,-17.682826433854153,49.51442408877511,-133.0,46.95340588081973,218.47052216938516,1411.7911041999203,1600.0,1500,1655.1290558812912,-36.096019151076696,-22.317173566145847,33.04659411918027
45.662739276885986,-26.0,-5.125021475752661,3.8057443987729833,-47.0,-19.869424962027527,48.58832681635479,-77.0,43.35726411881516,220.49145066967804,1455.977484817394,1589.930114457677,1500,1719.8817280851588,-34.87497852424734,-20.130575037972473,36.64273588118484
45.699341773986816,-33.0,-6.332435736688666,3.5739297329027013,-49.0,-21.661229436026073,47.796091461467476,-161.0,37.46988918717173,221.86093213852863,1437.6301583929287,1600.0,1500,1534.3424545912778,-33.667564263311334,-18.338770563973927,42.53011081282827
45.73658084869385,-15.0,-6.876218729088777,3.3178935800593594,-30.0,-22.76708189202691,46.947566173733556,-94.0,33.95153190278911,223.1270932629255,1469.6329497324618,1571.3721120173725,1500,1649.3493068782623,-33.12378127091122,-17.23291810797309,46.04846809721089
45.7732880115509,-8.0,-7.180203186504535,3.0543423874963187,-19.0,-23.46861996382715,46.0860773372709,-92.0,30.58646296742934,224.24981366314913,1478.7401837392429,1556.6495608485154,1500,1641.2967892589675,-32.819796813495465,-16.53138003617285,49.41353703257066
45.80968618392944,7.0,-6.927339404691402,2.802191635687619,-6.0,-23.699380416453707,45.223502756216455,-41.0,29.112213176712487,225.30934090328842,1501.8994341088753,1535.513737876579,1500,1742.7085336088653,-33.0726605953086,-16.300619583546293,50.88778682328751
45.84636068344116,8.0,-6.620689813995725,2.559385885823366,-2.0,-23.762644106158266,44.35197435290126,-30.0,28.02870789811405,226.33748021435323,1504.2000435478838,1528.7244332090913,1500,1763.404790516671,-33.379310186004275,-16.237355893841734,51.97129210188595
45.890185832977295,12.0,-6.091505947685839,2.2924174651248284,6.0,-23.516515410148372,43.32140440267625,-22.0,27.06636358655343,227.5235643959501,1509.9072299916472,1518.0533091588354,1500,1777.2874832398356,-33.90849405231416,-16.483484589851628,52.93363641344657
45.92664909362793,15.0,-5.559764839110102,2.0896942872938213,10.0,-23.145987944273518,42.477387582212856,-88.0,23.83941295321923,228.3928839618111,1515.2790445351309,1512.4000711408235,1500,1626.2977883997394,-34.4402351608899,-16.854012055726482,56.16058704678077
45.971027851104736,18.0,-4.7487409708254305,1.8789499312413094,13.0,-22.580706068223275,41.47527313663641,-32.0,22.435469818540618,229.38856363189765,1520.3682254110925,1507.2805142254697,1500,1746.1324758209305,-35.25125902917457,-17.419293931776725,57.56453018145938
46.0072660446167,26.0,-3.810940188970413,1.7408438002161586,20.0,-21.869999702409192,40.682681284742884,-50.0,20.6097202161246,230.13545705749846,1532.99157105099,1496.6986547453848,1500,1703.3303375688524,-36.18905981102959,-18.130000297590808,59.3902797838754
46.0436327457428,31.0,-2.6662390130377744,1.6438846613028548,25.0,-20.95867308602829,39.92077330697299,-49.0,18.842456683345986,230.8204165198947,1542.4174245912345,1487.7568359114666,1500,1705.313302273021,-37.333760986962226,-19.04132691397171,61.157543316654014
46.079840421676636,37.0,-1.338216658449987,1.59543062714872,30.0,-19.869264047138874,39.201287112486504,-43.0,17.269565406097904,231.4458061648828,1551.2295869100396,1479.3642118156247,1500,1715.797459142719,-38.66178334155001,-20.130735952861126,62.730434593902096
46.11689567565918,26.0,-0.3706705491346156,1.5816936566865205,26.0,-18.919805158307092,38.50075924867884,-97.0,13.667405157141062,231.95173070556888,1540.1306386603503,1483.4049786855114,1500,1587.3857960852713,-39.629329450865384,-21.080194841692908,66.33259484285894
46.161726236343384,6173.0,276.3383114934877,13.968513878963954,6271.0,262.43660250014204,50.275262177336785,6811.0,319.3092482511271,246.2801704733685,1600.0,1400.0,1500,2050.0,-316.3383114934877,-302.43660250014204,-239.3092482511271
46.198508739471436,-1977.0,203.61987873321175,21.458405439212655,-2014.0,188.35215582590308,57.203191218218265,-2329.0,233.65940435681242,254.87363407015806,1600.0,1600.0,1500,2050.0,-243.61987873321175,-228.35215582590308,-153.65940435681242
46.23408341407776,-1490.0,150.60833168907004,26.816894172892482,-1517.0,134.41713107698598,61.981095070205555,-1809.0,169.40178278706537,260.8923735493926,1600.0,1600.0,1500,2050.0,-190.60833168907004,-174.41713107698598,-89.40178278706536
46.27355170249939,5979.0,386.5541682947412,42.0717745055175,6077.0,374.4062808314593,76.76800007900131,6673.0,433.0637559339351,278.0044828590551,1600.0,1400.0,1500,2050.0,-426.5541682947412,-414.4062808314593,-353.0637559339351
46.309555768966675,-2819.0,285.0677028484284,52.33482730305533,-2866.0,271.17266933465356,86.53442221475798,-3321.0,313.45685224170904,289.29394089865764,1600.0,1600.0,1500,2050.0,-325.0677028484284,-311.17266933465356,-233.45685224170902
46.35604166984558,-1607.0,210.36422374008671,62.11399837526233,-1630.0,195.43077770355734,95.61826608920646,-1929.0,223.8051269284134,299.69638986273395,1600.0,1600.0,1500,2050.0,-250.36422374008671,-235.43077770355734,-143.8051269284134
46.40078926086426,-1213.0,156.10035008712262,69.09918743328048,-1229.0,140.43782894875872,101.90134871798935,-1479.0,157.6448981308484,306.74926621346,1600.0,1600.0,1500,2050.0,-196.10035008712262,-180.43782894875872,-77.6448981308484
46.44489884376526,-891.0,116.80560784945959,74.25154547052624,-902.0,100.61767591090202,106.34199932546629,-1108.0,108.73845123857981,311.5486294233369,1600.0,1600.0,1500,2050.0,-156.8056078494596,-140.61767591090202,-28.738451238579806
46.4872727394104,-676.0,88.16243165181166,77.98722605135362,-683.0,71.68680157083631,109.3784006973908,-873.0,71.74565092208084,314.58745502529837,1400.0,1600.0,1500,2050.0,-128.16243165181166,-111.68680157083631,8.254349077919162
46.52394652366638,-562.0,67.5606641183071,80.46501181000696,-568.0,50.875002698613116,111.2439127203734,-752.0,44.155969446545406,316.2065372771003,1400.0,1600.0,1500,2050.0,-107.5606641183071,-90.87500269861312,35.844030553454594
46.560088872909546,-421.0,52.362590770240956,82.35743146340046,-419.0,35.7271782023179,112.53527057068801,-602.0,22.383534097598037,317.0155894869063,1400.0,1600.0,1500,2050.0,-92.36259077024096,-75.7271782023179,57.61646590240196
46.596596002578735,-292.0,41.685752877477285,83.87937791295195,-291.0,25.097419802017683,113.45139762332133,-441.0,6.294814139514756,317.24535906372563,1400.0,1600.0,1500,1847.182936673739,-81.68575287747728,-65.09741980201768,73.70518586048524
46.6335813999176,-214.0,33.78320153981598,85.12895969979598,-208.0,17.395549247232488,114.09428538092408,-355.0,-6.813658669085115,316.9936732175733,1400.0,1600.0,1500,1568.8295670826378,-73.78320153981598,-57.39554924723249,86.81365866908511
46.67064023017883,-156.0,28.01418538325916,86.16710592441173,-147.0,11.944503975865793,114.53696320423694,-284.0,-17.35299718894737,316.3505500674552,1400.0,1600.0,1500,1480.0,-68.01418538325916,-51.94450397586579,97.35299718894737
46.70792555809021,-106.0,24.07051101191601,87.06447952105881,-93.0,8.481828988770452,114.85346982425028,-231.0,-25.960178077863546,315.38132892232,1400.0,1600.0,1500,1480.0,-64.07051101191601,-48.48182898877045,105.96017807786355
46.74479627609253,-79.0,21.16402071470592,87.8447818852515,-62.0,6.190210296351296,115.0817176534901,-196.0,-33.1994475333497,314.1570673164527,1400.0,1600.0,1500,1480.0,-61.16402071470592,-46.190210296351296,113.1994475333497
46.782103538513184,-60.0,18.913820239586755,88.55045434377446,-44.0,4.5569280521075015,115.2517317693563,-159.0,-39.14299831730035,312.6967212090438,1423.0010766606456,1567.4309253834444,1500,1480.0,-58.913820239586755,-44.5569280521075,119.14299831730035
46.829505920410156,-36.0,17.202884222091264,89.36589152396337,-19.0,3.640394847489418,115.42428474091956,-113.0,-44.47912676276357,310.5884743301947,1464.985069316959,1524.9676642371546,1500,1483.6823665267796,-57.202884222091264,-43.64039484748942,124.47912676276357
46.86676812171936,-23.0,16.351049657107303,89.97517932308537,-1.0,3.6130726983008756,115.55891578314844,-107.0,-48.47962008976083,308.781993850132,1485.8252971579673,1494.0819656496074,1500,1480.0,-56.3510496571073,-43.613072698300876,128.47962008976083
46.90270519256592,7560.0,288.0373571201665,100.32626088545318,7650.0,278.55194407693534,125.56958879168118,8971.0,273.93457332767457,318.62659595240535,1600.0,1400.0,1500,2050.0,-328.0373571201665,-318.55194407693534,-193.93457332767457
46.9379563331604,5633.0,486.6158632615875,117.48002509679284,5699.0,479.51452855979676,142.47885343884,6684.0,509.63076930904873,336.5987091683382,1600.0,1400.0,1500,2050.0,-526.6158632615875,-519.5145285597968,-429.63076930904873
46.98346424102783,3187.0,631.6779501050396,146.22968033476596,3229.0,626.3248346486599,170.95216879612036,3790.0,681.846949853584,367.5806683675273,1600.0,1400.0,1500,2050.0,-671.6779501050396,-666.3248346486599,-601.846949853584
47.02592611312866,2494.0,737.56626231568,177.54425594209604,2522.0,733.4958120578826,202.12015866996552,2958.0,807.5954069046345,401.91215312335737,1600.0,1400.0,1500,2050.0,-777.56626231568,-773.4958120578826,-727.5954069046345
47.061235666275024,2186.0,814.7808702053962,206.3176895591999,2214.0,811.6522109214453,230.7676247698476,2599.0,899.3306357478228,433.6546798087725,1600.0,1400.0,1500,2050.0,-854.7808702053962,-851.6522109214453,-819.3306357478228
47.097612380981445,1546.0,871.0087173537124,237.98924996821333,1564.0,868.5722526521441,262.37751150232606,1837.0,966.170394650506,468.8182914386864,1600.0,1400.0,1500,2050.0,-911.0087173537124,-908.5722526521441,-886.170394650506
47.14289045333862,902.0,911.8772753790627,279.2868611970023,914.0,909.9502333003004,303.5785209561695,1074.0,1014.7896380796827,514.7652842648617,1600.0,1400.0,1500,2050.0,-951.8772753790627,-949.9502333003004,-934.7896380796827
47.17908000946045,819.0,941.5062913000288,313.3586580746883,829.0,939.954822136897,337.6042569542915,975.0,1050.0749613014527,552.778046733735,1600.0,1400.0,1500,2050.0,-981.5062913000288,-979.954822136897,-970.0749613014526
47.215872049331665,582.0,962.9117190061102,348.78752188908516,589.0,961.6377892411609,372.9759312174226,694.0,1075.6037159849207,592.3411873375848,1600.0,1400.0,1500,2050.0,-1002.9117190061102,-1001.6377892411609,-995.6037159849207
47.2528293132782,416.0,978.3014351958764,384.94403247508194,422.0,977.2332326488016,409.08853586592534,498.0,1093.9947680187265,632.7683283052072,1600.0,1400.0,1500,2050.0,-1018.3014351958764,-1017.2332326488016,-1013.9947680187264
47.28907084465027,303.0,989.2917311463743,420.79795151661074,308.0,988.3766406563061,444.90174947506387,363.0,1107.1652850927826,672.8839268743227,1600.0,1400.0,1500,2050.0,-1029.2917311463743,-1028.376640656306,-1027.1652850927826
47.325276613235474,215.0,997.0658048296057,456.8951081203681,218.0,996.2652658082743,480.9801375673158,258.0,1116.5187290993117,713.3099427939933,1600.0,1400.0,1500,2050.0,-1037.0658048296057,-1036.2652658082743,-1036.5187290993117
47.36138939857483,150.0,1002.4897917849523,493.09780677599326,153.0,1001.7755334733531,517.1613415200442,182.0,1123.0824839401296,753.8823064600653,1600.0,1400.0,1500,2050.0,-1042.4897917849523,-1041.775533473353,-1043.0824839401296
47.39728665351868,103.0,1006.1977103631873,529.2192217824152,105.0,1005.5489956937818,553.2551530198034,126.0,1127.6086117094128,794.3590160572612,1600.0,1400.0,1500,2050.0,-1046.1977103631873,-1045.5489956937818,-1047.6086117094128
47.43337368965149,68.0,1008.6536493836511,565.6219092179947,70.0,1008.0552572338743,589.6037984801214,84.0,1130.6476153994274,835.1043978214917,1600.0,1400.0,1500,2050.0,-1048.653649383651,-1048.0552572338743,-1050.6476153994274
47.46955442428589,43.0,1010.1972951242708,602.1655682361811,44.0,1009.6380431394289,626.1575569589763,54.0,1132.6024398740603,876.1327423357627,1600.0,1400.0,1500,2050.0,-1050.1972951242708,-1049.6380431394289,-1052.6024398740603
47.51118731498718,21.0,1011.0772611663947,644.2654227713805,22.0,1010.5489243280654,668.201199704476,28.0,1133.7680054315028,923.2750429766447,1600.0,1400.0,1500,2050.0,-1051.0772611663947,-1050.5489243280654,-1053.7680054315028
47.55744957923889,9.0,1011.4754888118994,691.0539871824951,9.0,1010.9720077274787,715.0117887091668,13.0,1134.360149896743,975.826945529866,1600.0,1400.0,1500,2050.0,-1051.4754888118994,-1050.9720077274787,-1054.360149896743
47.599331855773926,1.0,1011.5251103466699,733.4179969106472,2.0,1011.0420116405896,757.354119317237,4.0,1134.5368167941085,1023.3412252834562,1600.0,1400.0,1500,2050.0,-1051.5251103466699,-1051.0420116405896,-1054.5368167941085
47.63523054122925,-6.0,1011.3235265168028,769.724146555914,-5.0,1010.8574984989443,793.6493228978416,-3.0,1134.413566949613,1064.064640169089,1600.0,1400.0,1500,2050.0,-1051.3235265168028,-1050.8574984989443,-1054.413566949613
47.67129588127136,-11.0,1010.941980378904,806.1884513334369,-10.0,1010.4905623895966,830.0525341261241,-9.0,1134.074934334332,1104.9054129424496,1600.0,1400.0,1500,2050.0,-1050.941980378904,-1050.4905623895966,-1054.074934334332
47.70785212516785,-14.0,1010.4325661838234,843.1217343576626,-14.0,1009.9939211600633,867.0006063867322,-13.0,1133.582739521664,1146.3933178715515,1600.0,1400.0,1500,2050.0,-1050.4325661838234,-1049.9939211600633,-1053.582739521664
47.74355387687683,-17.0,1009.8333604776817,879.1779249433752,-16.0,1009.4061084445564,903.0278242136371,-17.0,1132.9821758484868,1186.8314209963776,1600.0,1400.0,1500,2050.0,-1049.8333604776817,-1049.4061084445564,-1052.9821758484868
47.78778100013733,-15.0,1009.1721785007553,923.8121509053746,-15.0,1008.7552746654176,947.623649124,-15.0,1132.3062649996127,1236.868495468125,1600.0,1400.0,1500,2050.0,-1049.1721785007553,-1048.7552746654176,-1052.3062649996127
47.823750734329224,-20.0,1008.4693241842426,960.0807539292011,-19.0,1008.0619696828351,983.916777580091,-20.0,1131.5791188675898,1277.632877383107,1600.0,1400.0,1500,2050.0,-1048.4693241842426,-1048.061969682835,-1051.5791188675898
47.86092495918274,-20.0,1007.7396033733046,997.5434133303261,-19.0,1007.3411799226822,1021.3819177707015,-20.0,1130.8183275024137,1319.6868878602877,1600.0,1400.0,1500,2050.0,-1047.7396033733046,-1047.3411799226822,-1050.8183275024137
47.89720344543457,-21.0,1006.9937976681858,1034.0763442328016,-20.0,1006.603819718038,1057.8819811264518,-22.0,1130.0367072836757,1360.6589304741415,1600.0,1400.0,1500,2050.0,-1046.9937976681858,-1046.603819718038,-1050.0367072836757
47.939533948898315,-18.0,1006.2397433915487,1076.6743378632934,-18.0,1005.8578230883529,1100.4297528460297,-19.0,1129.2435807207085,1408.411379436956,1600.0,1400.0,1500,2050.0,-1046.2397433915487,-1045.857823088353,-1049.2435807207085
47.97541952133179,-21.0,1005.4831214745695,1112.7535588134597,-21.0,1005.1089430049442,1136.514718279048,-22.0,1128.445713364545,1448.9367016150038,1600.0,1400.0,1500,2050.0,-1045.4831214745695,-1045.1089430049442,-1048.445713364545
48.01191067695618,-21.0,1004.7280357111163,1149.4165272872895,-20.0,1004.3613365117417,1173.1743629905254,-22.0,1127.6479996967162,1490.1057753267705,1600.0,1400.0,1500,2050.0,-1044.7280357111163,-1044.3613365117417,-1047.6479996967162
48.05451941490173,-18.0,1003.9774360795627,1192.1940206638342,-17.0,1003.6179930740691,1215.9410875536778,-19.0,1126.8539652479892,1538.1241679045947,1600.0,1400.0,1500,2050.0,-1043.9774360795627,-1043.617993074069,-1046.8539652479892
48.090500831604004,-21.0,1003.2334286411728,1228.2941726043055,-20.0,1002.881048157252,1252.0154087038807,-22.0,1126.0661341820714,1578.6206816560752,1600.0,1400.0,1500,2050.0,-1043.2334286411728,-1042.881048157252,-1046.0661341820714
48.132678270339966,-17.0,1002.4975024031153,1270.5752764966571,-17.0,1002.1520127839265,1294.2936489568708,-18.0,1125.2862983884966,1626.103838699601,1600.0,1400.0,1500,2050.0,-1042.4975024031153,-1042.1520127839265,-1045.2862983884966
48.17340874671936,-18.0,1001.770695392732,1311.383845161565,-18.0,1001.431941580825,1335.0497388816605,-19.0,1124.5157144721052,1671.8450395115526,1600.0,1400.0,1500,2050.0,-1041.770695392732,-1041.431941580825,-1044.5157144721052
48.21016263961792,-20.0,1001.0537162294618,1348.1721701770844,-19.0,1000.7215557948123,1371.8521021008726,-21.0,1123.75524795692,1713.1862685379294,1600.0,1400.0,1500,2050.0,-1041.0537162294618,-1040.7215557948123,-1043.75524795692
48.24673414230347,-19.0,1000.3470331174192,1384.7546948759891,-19.0,1000.0213333427444,1408.4389288224083,-20.0,1123.005478846652,1754.2808989975479,1600.0,1400.0,1500,2050.0,-1040.3470331174192,-1040.0213333427444,-1043.005478846652
48.284610986709595,-18.0,999.6509389872524,1422.617841281736,-18.0,999.3315747274132,1446.2885493147767,-20.0,1122.2667788951367,1796.7861474714173,1600.0,1400.0,1500,2050.0,-1039.6509389872524,-1039.3315747274132,-1042.2667788951367
48.32141876220703,-19.0,998.9655991773568,1459.3875427859184,-18.0,998.652451285526,1483.0422006929884,-20.0,1121.5393681661542,1838.0624362257852,1600.0,1400.0,1500,2050.0,-1038.9655991773568,-1038.652451285526,-1041.5393681661542
48.35905742645264,-18.0,998.2910863324989,1496.9623618260528,-18.0,997.9840405013192,1520.60808010907,-19.0,1120.8233564314307,1880.2679704252091,1600.0,1400.0,1500,2050.0,-1038.291086332499,-1037.9840405013192,-1040.8233564314307
48.39887833595276,-17.0,997.627405944575,1536.6878410613788,-17.0,997.3263518511981,1560.3184802289843,-18.0,1120.118773468983,1924.8670446475037,1600.0,1400.0,1500,2050.0,-1037.627405944575,-1037.326351851198,-1040.118773468983
48.43890428543091,-16.0,996.974515042675,1576.5922172369849,-16.0,996.6793457163349,1600.1998736497435,-17.0,1119.4255912356425,1969.6237418129576,1600.0,1400.0,1500,2050.0,-1036.974515042675,-1036.6793457163349,-1039.4255912356425
48.479960441589355,-16.0,996.3323358679079,1617.5004061896263,-15.0,996.0429472204851,1641.1106666417302,-17.0,1118.7437400908482,2015.5972027356897,1600.0,1400.0,1500,2050.0,-1036.332335867908,-1036.042947220485,-1038.7437400908482
48.531251668930054,-12.0,995.7007658766906,1668.5739692582567,-12.0,995.4170563526661,1692.1345528527777,-13.0,1118.073120665513,2072.8843006657926,1600.0,1400.0,1500,2050.0,-1035.7007658766906,-1035.4170563526661,-1038.073120665513
48.57134294509888,-15.0,995.0796850561965,1708.4632388121383,-15.0,994.8015553700845,1732.051096184906,-16.0,1117.413612542757,2117.74437961134,1600.0,1400.0,1500,2050.0,-1035.0796850561965,-1034.8015553700845,-1037.413612542757
48.609238624572754,-16.0,994.4689612721093,1746.1540578127597,-16.0,994.1963142100046,1769.6938931950294,-17.0,1116.7650806046936,2160.0039781760447,1600.0,1400.0,1500,2050.0,-1034.4689612721093,-1034.1963142100046,-1036.7650806046936
48.6620090007782,-11.0,993.8684541758928,1798.6011069950496,-11.0,993.6011944440263,1822.1275495959594,-12.0,1116.1273796706064,2218.905100949499,1600.0,1400.0,1500,2050.0,-1033.8684541758928,-1033.6011944440263,-1036.1273796706064
48.70438528060913,-14.0,993.2780180575292,1840.688034735429,-14.0,993.0160521653088,1864.2391271579806,-15.0,1115.5003578843068,2266.233834676958,1600.0,1400.0,1500,2050.0,-1033.2780180575292,-1033.0160521653088,-1035.5003578843068
48.756288051605225,-11.0,992.6975039262793,1892.212022627637,-11.0,992.4407400946529,1915.7476586878186,-12.0,1114.8838591858228,2324.096206599214,1600.0,1400.0,1500,2050.0,-1032.6975039262793,-1032.440740094653,-1034.8838591858228
48.803109884262085,-12.0,992.1267610263228,1938.6706562602153,-12.0,991.8751091147476,1962.1540698080785,-13.0,1114.2777251127652,2376.203909636796,1600.0,1400.0,1500,2050.0,-1032.1267610263228,-1031.8751091147476,-1034.2777251127652
48.84530448913574,-13.0,991.5656379387051,1980.5103221900167,-13.0,991.3190093858116,2003.98781973686,-14.0,1113.681796110999,2423.2037696964894,1600.0,1400.0,1500,2050.0,-1031.565637938705,-1031.3190093858116,-1033.681796110999
48.89624500274658,-11.0,991.0139833804599,2030.9864677668595,-11.0,990.772291154814,2054.488268871952,-11.0,1113.0959124861092,2479.973650542344,1600.0,1400.0,1500,2050.0,-1031.0139833804599,-1030.772291154814,-1033.0959124861092
48.93287420272827,-15.0,990.4716467820665,2067.265943352505,-15.0,990.2348053403944,2090.784803165373,-16.0,1112.5199150919361,2520.742932175075,1600.0,1400.0,1500,2050.0,-1030.4716467820665,-1030.2348053403944,-1032.5199150919361
48.97806477546692,-12.0,989.9384787026634,2112.0023022205546,-12.0,989.7064039536115,2135.483538426559,-13.0,1111.9536458266534,2570.959085266959,1600.0,1400.0,1500,2050.0,-1029.9384787026634,-1029.7064039536115,-1031.9536458266534
49.01140761375427,-16.0,989.4143311265159,2144.9966662629167,-16.0,989.1869403985336,2168.4363585481296,-17.0,1111.3969479879877,2607.9610986191,1600.0,1400.0,1500,2050.0,-1029.414331126516,-1029.1869403985336,-1031.3969479879877
49.05352759361267,-12.0,988.8990576725882,2186.6500177417083,-12.0,988.6762696849003,2210.0791473949425,-13.0,1110.849666525355,2654.762512017214,1600.0,1400.0,1500,2050.0,-1028.8990576725882,-1028.6762696849003,-1030.849666525355
49.087852001190186,-15.0,988.392513740537,2220.5757695787643,-15.0,988.1742485764466,2243.9974074615843,-16.0,1110.3116482165683,2692.8608597791617,1600.0,1400.0,1500,2050.0,-1028.392513740537,-1028.1742485764466,-1030.3116482165683
49.1212592124939,-15.0,987.8945566101947,2253.5722124019817,-15.0,987.680735692164,2277.02626938216,-16.0,1109.782741789366,2729.996991870594,1600.0,1400.0,1500,2050.0,-1027.8945566101947,-1027.680735692164,-1029.782741789366
49.152860164642334,-15.0,987.4050455070467,2284.7765644904234,-15.0,987.1955915731471,2308.217882717207,-16.0,1109.262798002584,2765.0840755466943,1600.0,1400.0,1500,2050.0,-1027.4050455070467,-1027.195591573147,-1029.262798002584
49.19111943244934,-13.0,986.92384164285,2322.540254072557,-12.0,986.7186787242842,2345.942198161245,-13.0,1108.75166969783,2807.408673342972,1600.0,1400.0,1500,2050.0,-1026.92384164285,-1026.7186787242842,-1028.75166969783
49.22187781333923,-15.0,986.4508082380978,2352.881413385087,-15.0,986.2498616375758,2376.2776470580975,-16.0,1108.2492118296032,2841.500588129386,1600.0,1400.0,1500,2050.0,-1026.4508082380978,-1026.2498616375758,-1028.2492118296032
49.25270485877991,-15.0,985.9858105312358,2383.276207692857,-15.0,985.7890068020445,2406.6670796265294,-16.0,1107.7552814796834,2875.647033543745,1600.0,1400.0,1500,2050.0,-1025.9858105312358,-1025.7890068020445,-1027.7552814796834
49.28368377685547,-15.0,985.5287157782268,2413.8082308502007,-15.0,985.3359827038737,2437.187023863517,-16.0,1107.2697378600524,2909.944300154263,1600.0,1400.0,1500,2050.0,-1025.5287157782268,-1025.3359827038737,-1027.2697378600524
49.31584191322327,-14.0,985.0793932450938,2445.4863134500547,-14.0,984.8906598194399,2468.859037193129,-15.0,1106.7924423074649,2945.5337797661387,1600.0,1400.0,1500,2050.0,-1025.0793932450938,-1024.8906598194399,-1026.7924423074649
49.34778308868408,-14.0,984.6377141953719,2476.938207980054,-14.0,984.4529106031887,2500.307610445306,-15.0,1106.3232582719618,2980.880013187639,1600.0,1400.0,1500,2050.0,-1024.637714195372,-1024.4529106031887,-1026.3232582719618
49.38071274757385,-13.0,984.2035518738821,2509.341359606227,-13.0,984.0226094717857,2532.717942983932,-14.0,1105.862051300999,3017.301210135361,1600.0,1400.0,1500,2050.0,-1024.2035518738821,-1024.0226094717857,-1025.862051300999
49.412596464157104,-13.0,983.7767814878619,2540.7068814857203,-13.0,983.5996327855888,2564.1007986991826,-14.0,1105.4086890204173,3052.593713579103,1600.0,1400.0,1500,2050.0,-1023.7767814878619,-1023.5996327855888,-1025.4086890204173
49.44544696807861,-13.0,983.3572801862146,2573.011601477304,-13.0,983.1838588282137,2596.402634457961,-14.0,1104.9630411131602,3088.8986289435506,1600.0,1400.0,1500,2050.0,-1023.3572801862146,-1023.1838588282137,-1024.9630411131602
49.48346257209778,-7256.0,707.5074452388835,2599.9089364536353,-7229.0,708.3735915480651,2623.3303644070597,-8372.0,786.7085506158379,3118.804329154775,1600.0,1600.0,1500,2050.0,-747.5074452388835,-748.3735915480651,-706.7085506158379
49.51496601104736,-6409.0,505.5974142067879,2615.837475900435,-6372.0,507.6058869441804,2639.323631839645,-7385.0,554.0599414780545,3136.258594302804,1600.0,1600.0,1500,2050.0,-545.5974142067879,-547.6058869441804,-474.05994147805455
49.55610632896423,-3585.0,358.08248852918985,2630.569871680653,-3552.0,361.62336228097575,2654.1866197871695,-4095.0,385.82307094148564,3152.1088492034637,1600.0,1600.0,1500,2050.0,-398.08248852918985,-401.62336228097575,-305.82307094148564
49.58795189857483,-3386.0,250.28400413786147,2638.5389955649975,-3338.0,255.1917115442311,2662.3235667320027,-3820.0,263.9492106766238,3160.5308240686268,1600.0,1600.0,1500,2050.0,-290.2840041378615,-295.1917115442311,-183.94921067662378
49.62035512924194,-2440.0,171.1998057706366,2644.0872795230516,-2401.0,177.46440554403858,2668.0674709350915,-2738.0,175.39181855630326,3166.203756905394,1600.0,1600.0,1500,2050.0,-211.1998057706366,-217.46440554403858,-95.39181855630326
49.6593542098999,-1483.0,113.35603895536235,2648.50811488171,-1447.0,121.04756963941242,2672.788012846982,-1639.0,111.48603177970932,3170.5518488740786,1400.0,1600.0,1500,2050.0,-153.35603895536235,-161.04756963941242,-31.486031779709325
49.69196963310242,-1298.0,71.03483187270109,2650.8245056487417,-1259.0,79.95074316301863,2675.3980038266795,-1428.0,64.85512705504443,3172.670296136616,1400.0,1600.0,1500,2050.0,-111.03483187270109,-119.95074316301863,15.144872944955564
49.724374294281006,-963.0,39.84525165860023,2652.1156585286176,-928.0,49.877199427617285,2677.0135084006542,-1072.0,30.15990752233685,3173.646575072122,1400.0,1600.0,1500,2050.0,-79.84525165860023,-89.87719942761728,49.84009247766315
49.75658440589905,-703.0,17.202881252581754,2652.6698800955373,-665.0,28.466516714548774,2677.929990503779,-761.0,5.668824551478792,3173.8290779896106,1400.0,1600.0,1500,2050.0,-57.202881252581754,-68.46651671454877,74.33117544852121
49.7957546710968,-430.0,0.34768272017998925,2652.6834990027855,-398.0,12.859114109616065,2678.4337344672886,-474.0,-12.918008043208673,3173.3230207506554,1400.0,1600.0,1500,2050.0,-40.34768272017999,-52.859114109616065,92.91800804320867
49.83475375175476,-322.0,-12.225795161020539,2652.2067100609065,-297.0,1.2764260068794755,2678.4835123864664,-371.0,-27.399131396665553,3172.254512477669,1400.0,1600.0,1500,2050.0,-27.77420483897946,-41.276426006879475,107.39913139666555
49.86664128303528,-295.0,-21.64002111532797,2651.5166890075957,-255.0,-6.861902586691286,2678.264696709069,-315.0,-37.44813034478294,3171.0603215515926,1400.0,1600.0,1500,2050.0,-18.35997888467203,-33.138097413308714,117.44813034478294
49.89899682998657,8384.0,249.5936996318835,2659.5916560737046,8251.0,260.3391137881741,2686.69549742061,9521.0,270.9993938396216,3179.8393160256614,1600.0,1400.0,1500,2050.0,-289.5936996318835,-300.3391137881741,-190.9993938396216
49.930373668670654,6323.0,448.01065494478695,2673.6509504039327,6235.0,455.8052952970565,2700.9838599310415,7201.0,496.64562048602266,3195.402237510928,1600.0,1400.0,1500,2050.0,-488.01065494478695,-495.8052952970565,-416.64562048602266
49.96253156661987,4513.0,593.1234735806827,2692.721302070543,4441.0,598.7593586413055,2720.2574032339403,5124.0,661.6786167611741,3216.712771021418,1600.0,1400.0,1500,2050.0,-633.1234735806827,-638.7593586413055,-581.6786167611741
49.995516777038574,3216.0,699.2166280534119,2715.7844428502,3168.0,703.2735422662965,2743.460394558817,3657.0,782.341446300203,3242.526115761077,1600.0,1400.0,1500,2050.0,-739.2166280534119,-743.2735422662965,-702.341446300203
50.027087450027466,2455.0,776.7472394189309,2740.311690906221,2422.0,779.649598517245,2768.045087573508,2798.0,870.5250422685579,3269.958535159328,1600.0,1400.0,1500,2050.0,-816.7472394189309,-819.649598517245,-790.5250422685579
50.05908560752869,1770.0,833.3705584064503,2766.977814599966,1743.0,835.4290385579949,2794.7786718030106,2013.0,934.9342950901212,3299.8764932325644,1600.0,1400.0,1500,2050.0,-873.3705584064503,-875.4290385579949,-854.9342950901212
50.09147882461548,1276.0,874.6906848367577,2795.3068548174324,1256.0,876.1326978829748,2823.1778104779087,1449.0,981.9417051130885,3331.724075061411,1600.0,1400.0,1500,2050.0,-914.6906848367577,-916.1326978829748,-901.9417051130885
50.123356342315674,945.0,904.810143353517,2824.150171901049,931.0,905.8021466592271,2852.059661122918,1075.0,1016.2123122134894,3364.1288192386614,1600.0,1400.0,1500,2050.0,-944.810143353517,-945.8021466592271,-936.2123122134894
50.15631127357483,665.0,926.7322087441672,2854.6960918902687,656.0,927.3960374491426,2882.588988628686,758.0,1041.1611850713477,3398.380142337161,1600.0,1400.0,1500,2050.0,-966.7322087441672,-967.3960374491426,-961.1611850713477
50.19863677024841,376.0,942.6554342943203,2894.594451338829,371.0,943.0802575733989,2922.5080271077913,428.0,1059.2883331357789,3443.2165624817812,1600.0,1400.0,1500,2050.0,-982.6554342943203,-983.0802575733989,-979.2883331357788
50.24169945716858,268.0,954.1892657008002,2935.679855021307,263.0,954.4403395135714,2963.6715981736866,304.0,1072.423883968229,3489.4938986097923,1600.0,1400.0,1500,2050.0,-994.1892657008002,-994.4403395135714,-992.423883968229
50.27530527114868,248.0,962.5118844539859,2968.025161921758,244.0,962.636959116823,2995.99081282978,283.0,1081.9075689754382,3525.813849033514,1600.0,1400.0,1500,2050.0,-1002.5118844539859,-1002.636959116823,-1001.9075689754382
50.30962896347046,174.0,968.4857594216767,3001.2674000511693,171.0,968.5197703577205,3029.2321401302374,198.0,1088.7201185967508,3563.1843008353803,1600.0,1400.0,1500,2050.0,-1008.4857594216767,-1008.5197703577205,-1008.7201185967508
50.354578733444214,95.0,972.7422380816545,3044.9879972597173,93.0,972.7107397459823,3072.9766000655654,108.0,1093.579452079466,3612.340184924718,1600.0,1400.0,1500,2050.0,-1012.7422380816545,-1012.7107397459823,-1013.5794520794659
50.38840055465698,89.0,975.7434727639741,3077.997793418471,87.0,975.6651524918398,3105.925592443015,102.0,1097.011094603487,3649.3868652521373,1600.0,1400.0,1500,2050.0,-1015.7434727639741,-1015.6651524918398,-1017.011094603487
50.43263030052185,47.0,977.8277546491835,3121.2436026539644,46.0,977.7162729486386,3149.2005046791214,54.0,1099.3997271527403,3698.054188207376,1600.0,1400.0,1500,2050.0,-1017.8277546491835,-1017.7162729486386,-1019.3997271527403
50.46690011024475,41.0,979.2427011686732,3154.8013632865936,41.0,979.1080389271458,3182.750615870558,47.0,1101.0269243345906,3735.795884099282,1600.0,1400.0,1500,2050.0,-1019.2427011686732,-1019.1080389271458,-1021.0269243345905
50.51074695587158,21.0,980.1695513095378,3197.7803421254052,21.0,980.018996029774,3225.72252577452,24.0,1102.0987808835857,3784.123117861758,1600.0,1400.0,1500,2050.0,-1020.1695513095378,-1020.018996029774,-1022.0987808835858
50.54489278793335,17.0,980.7409513311537,3231.271831521754,16.0,980.5798191135324,3259.207811274048,20.0,1102.7661360289876,3821.7850839842595,1600.0,1400.0,1500,2050.0,-1020.7409513311537,-1020.5798191135324,-1022.7661360289875
50.588114500045776,7.0,981.0539750432919,3273.674663997827,7.0,980.8861391176043,3301.570415125442,9.0,1103.1393790211764,3869.3989044133696,1600.0,1400.0,1500,2050.0,-1021.0539750432919,-1020.8861391176043,-1023.1393790211764
50.62313270568848,4.0,981.1796554763846,3308.0284345221685,3.0,981.0079331155011,3335.952555088571,5.0,1103.2992877173863,3908.090231730384,1600.0,1400.0,1500,2050.0,-1021.1796554763846,-1021.0079331155011,-1023.2992877173863
50.658581256866455,-0.0,981.1699626665195,3342.811593520383,-0.0,980.9963984266097,3370.7241816948654,0.0,1103.3049631117692,3947.19605930894,1600.0,1400.0,1500,2050.0,-1021.1699626665195,-1020.9963984266097,-1023.3049631117693
50.69395327568054,-3.0,981.0629118324313,3377.5109624520173,-3.0,980.8889848976703,3405.425584152831,-3.0,1103.1996379102425,3986.2250332390486,1600.0,1400.0,1500,2050.0,-1021.0629118324313,-1020.8889848976703,-1023.1996379102424
50.730082511901855,-5.0,980.8863028795664,3412.949635395004,-5.0,980.7130788465566,3440.8572971831536,-5.0,1103.0149287698055,4026.0669158823866,1600.0,1400.0,1500,2050.0,-1020.8863028795664,-1020.7130788465566,-1023.0149287698055
50.76543211936951,-6.0,980.660457947949,3447.615597642511,-6.0,980.4886999365461,3475.623084177745,-7.0,1102.7739492006149,4065.184683916372,1600.0,1400.0,1500,2050.0,-1020.660457947949,-1020.4886999365461,-1022.7739492006149
50.81103515625,-6.0,980.4002254640659,3492.325526518879,-6.0,980.2304754526176,3520.218001149534,-6.0,1102.4935884003676,4115.3279465167,1600.0,1400.0,1500,2050.0,-1020.4002254640659,-1020.2304754526176,-1022.4935884003677
50.854199171066284,-7.0,980.1164472268903,3534.6312873686643,-7.0,979.9490855899262,3562.523079865062,-7.0,1102.1861794979109,4162.920070688598,1600.0,1400.0,1500,2050.0,-1020.1164472268903,-1019.9490855899262,-1022.1861794979108
50.888691663742065,-9.0,979.8170324006944,3568.4318241008746,-9.0,979.6523214895,3596.2789288589897,-9.0,1101.8607208055096,4200.863732666734,1600.0,1400.0,1500,2050.0,-1019.8170324006944,-1019.6523214895,-1021.8607208055095
50.93379354476929,-7.0,979.5077437386472,3612.6113340869733,-7.0,979.3458597802891,3640.4502032882956,-7.0,1101.523769845037,4250.544526682942,1600.0,1400.0,1500,2050.0,-1019.5077437386472,-1019.3458597802891,-1021.523769845037
50.97567057609558,-8.0,979.1927731410989,3653.610483705294,-7.0,979.0338295858908,3681.4788779608925,-8.0,1101.1800978239244,4296.694385819425,1600.0,1400.0,1500,2050.0,-1019.1927731410989,-1019.0338295858908,-1021.1800978239244
51.010719537734985,-9.0,978.875162993539,3687.9192751248456,-9.0,978.7192276022953,3715.784070728501,-10.0,1100.8331687451828,4335.297917130393,1600.0,1400.0,1500,2050.0,-1018.875162993539,-1018.7192276022953,-1020.8331687451827
51.05394387245178,-7.0,978.5571146055579,3730.221188203799,-7.0,978.4042219540498,3758.044150700311,-8.0,1100.4854901385156,4382.810308931686,1600.0,1400.0,1500,2050.0,-1018.5571146055579,-1018.4042219540498,-1020.4854901385155
51.08884859085083,-9.0,978.2402140006647,3764.362422479205,-9.0,978.0903746292487,3792.2128027703984,-10.0,1100.1388698100131,4421.275132888152,1600.0,1400.0,1500,2050.0,-1018.2402140006647,-1018.0903746292487,-1020.138869810013
51.131340980529785,-7.0,977.9255972017764,3805.9219474564175,-7.0,977.7788043091479,3833.728790095544,-8.0,1099.794603791585,4467.938023297656,1600.0,1400.0,1500,2050.0,-1017.9255972017764,-1017.7788043091479,-1019.7946037915848
51.16706824302673,-9.0,977.6140712237966,3840.844527291227,-9.0,977.4703055629573,3868.665344157327,-10.0,1099.4536139243373,4507.238675188518,1600.0,1400.0,1500,2050.0,-1017.6140712237966,-1017.4703055629573,-1019.4536139243373
51.2117702960968,-7.0,977.306202641067,3884.531888019439,-7.0,977.16543609927,3912.3634194965002,-8.0,1099.1165485709116,4556.411535093209,1600.0,1400.0,1500,2050.0,-1017.306202641067,-1017.16543609927,-1019.1165485709115
51.24714922904968,-9.0,977.0023824176701,3919.0976556728383,-9.0,976.8645806330189,3946.9219827774377,-9.0,1098.7838563359842,4595.280358036998,1600.0,1400.0,1500,2050.0,-1017.0023824176701,-1016.8645806330189,-1018.7838563359842
51.291924238204956,-7.0,976.7028733607262,3962.829070041324,-7.0,976.5679976336131,3990.6510834595915,-7.0,1098.4558400271403,4644.470537530172,1600.0,1400.0,1500,2050.0,-1016.7028733607262,-1016.5679976336131,-1018.4558400271402
51.32644820213318,-9.0,976.4078448527187,3996.5434279254437,-8.0,976.2758535411054,4024.3259694743056,-9.0,1098.1326961505479,4682.324308137843,1600.0,1400.0,1500,2050.0,-1016.4078448527187,-1016.2758535411054,-1018.1326961505479
51.361260175704956,-8.0,976.1173982713547,4030.518881057509,-8.0,975.9882478082604,4058.3315986672424,-9.0,1097.8145438172965,4720.596102555108,1600.0,1400.0,1500,2050.0,-1016.1173982713547,-1015.9882478082604,-1017.8145438172963
51.39573693275452,-8.0,975.8315855922077,4064.1684386211414,-8.0,975.705231226691,4091.94004421059,-9.0,1097.5014458977703,4758.379443672455,1600.0,1400.0,1500,2050.0,-1015.8315855922077,-1015.705231226691,-1017.5014458977703
51.43130564689636,-8.0,975.5504230008149,4098.863558728937,-8.0,975.426819336601,4126.654024383594,-9.0,1097.1934245011967,4797.439209815496,1600.0,1400.0,1500,2050.0,-1015.5504230008149,-1015.426819336601,-1017.1934245011965
51.46554398536682,-8.0,975.2739008514727,4132.252526366683,-8.0,975.1530022375058,4160.0530351697535,-9.0,1096.8904723009596,4835.0113927724315,1600.0,1400.0,1500,2050.0,-1015.2739008514727,-1015.1530022375058,-1016.8904723009597
51.50999164581299,-6.0,975.0019909516734,4175.594430342394,-6.0,974.8837517643315,4203.352261747614,-7.0,1096.5925608188538,4883.698508267219,1600.0,1400.0,1500,2050.0,-1015.0019909516734,-1014.8837517643315,-1016.5925608188538
51.54480051994324,-8.0,974.7346518888327,4209.51896585852,-8.0,974.6190267348916,4237.297636360557,-8.0,1096.299646483184,4921.885863869291,1600.0,1400.0,1500,2050.0,-1014.7346518888327,-1014.6190267348916,-1016.2996464831839
51.57961583137512,-8.0,974.4718329239386,4243.446203199936,-7.0,974.3587767855807,4271.232088187727,-8.0,1096.0116750572788,4960.076515362673,1600.0,1400.0,1500,2050.0,-1014.4718329239386,-1014.3587767855807,-1016.0116750572787
51.61478638648987,2267.0,1054.2134768361825,4280.522722357473,-7.0,974.1029451736367,4305.491597264153,-8.0,1095.728584875139,4998.612591737565,1600.0,1400.0,1500,2050.0,-1014.2134768361826,-1014.1029451736367,-1015.728584875139
51.65913200378418,-6.0,1053.9595219997318,4327.266484917934,-6.0,973.851470822954,4348.646993565291,-6.0,1095.4503092039276,5047.13590384045,1600.0,1400.0,1500,2050.0,-1013.9595219997317,-1013.851470822954,-1015.4503092039276
51.70015287399292,-6.0,1053.709903898463,4370.490079675381,-6.0,973.6042898162117,4388.588106402083,-7.0,1095.1767779673462,5092.06414163097,1600.0,1400.0,1500,2050.0,-1013.7099038984628,-1013.6042898162117,-1015.1767779673462
51.73434114456177,-7.0,1053.4645562293372,4406.506713289486,-7.0,973.3613364817548,4421.861237853867,-8.0,1094.9079190012321,5129.487752143707,1600.0,1400.0,1500,2050.0,-1013.4645562293371,-1013.3613364817548,-1014.9079190012321
51.77651286125183,-6.0,1053.2234117047135,4450.923957051356,-6.0,973.1225441838891,4462.89763000795,-6.0,1094.6436589668047,5175.653103256702,1600.0,1400.0,1500,2050.0,-1013.2234117047135,-1013.1225441838891,-1014.6436589668045
51.81140089035034,-7.0,1052.986402634352,4487.659573100712,-7.0,972.8878458961398,4496.843712712305,-7.0,1094.3839240133761,5213.836871578685,1600.0,1400.0,1500,2050.0,-1012.986402634352,-1012.8878458961398,-1014.3839240133761
51.84605383872986,-7.0,1052.7534613462153,4524.1353135374275,-7.0,972.6571746157069,4530.58254510921,-7.0,1094.128640257748,5251.812174528304,1600.0,1400.0,1500,2050.0,-1012.7534613462153,-1012.6571746157069,-1014.1286402577479
51.88120484352112,-7.0,1052.524520489343,4561.132608000067,-6.0,972.4304636617449,4564.76074346872,-7.0,1093.8777341294933,5290.259163990117,1600.0,1400.0,1500,2050.0,-1012.524520489343,-1012.4304636617449,-1013.8777341294933
51.91574215888977,-7.0,1052.2995132504743,4597.481225906573,-6.0,972.2076468886746,4598.306198226654,-7.0,1093.6311326181512,5327.970015916784,1600.0,1400.0,1500,2050.0,-1012.2995132504743,-1012.2076468886746,-1013.6311326181514
51.94973921775818,-7.0,1052.0783735076084,4633.249548809983,-6.0,971.9886588373712,4631.352344321503,-7.0,1093.3887634486964,5365.143321494783,1600.0,1400.0,1500,2050.0,-1012.0783735076085,-1011.9886588373712,-1013.3887634486963
51.98935508728027,-5.0,1051.861035937477,4674.914421134358,-5.0,971.7734348409493,4669.8796500929175,-6.0,1093.1505552045878,5408.50937556026,1600.0,1400.0,1500,2050.0,-1011.8610359374769,-1011.7734348409493,-1013.1505552045877
52.0244083404541,-6.0,1051.6474360893524,4711.777834228918,-6.0,971.5619110973882,4703.937213928714,-7.0,1092.916437412529,5446.817306994463,1600.0,1400.0,1500,2050.0,-1011.6474360893524,-1011.5619110973882,-1012.916437412529
52.05898571014404,-6.0,1051.4375104342912,4748.133777733076,-6.0,971.354024717955,4737.525239085431,-7.0,1092.6863405992772,5484.593534663845,1600.0,1400.0,1500,2050.0,-1011.4375104342912,-1011.354024717955,-1012.6863405992773
52.10091686248779,-5.0,1051.2311963964662,4792.217875205594,-5.0,971.1497137579856,4778.223974748391,-5.0,1092.4601963280747,5530.364142941247,1600.0,1400.0,1500,2050.0,-1011.2311963964661,-1011.1497137579856,-1012.4601963280746
52.13479948043823,-6.0,1051.0284323714604,4827.82921944998,-6.0,970.948917234824,4812.764935046121,-6.0,1092.237937220242,5569.223016658527,1600.0,1400.0,1500,2050.0,-1011.0284323714603,-1010.948917234824,-1012.237937220242
52.169612884521484,-6.0,1050.8291577350915,4864.412660615064,-6.0,970.751575136431,4844.911286211177,-7.0,1092.019496965991,5605.37967664363,1600.0,1400.0,1500,2050.0,-1010.8291577350915,-1010.751575136431,-1012.019496965991
52.21412420272827,-4.0,1050.6333128453734,4911.163957344187,-4.0,970.5576284232361,4888.1139368397135,-5.0,1091.8048103274214,5653.9815128806395,1600.0,1400.0,1500,2050.0,-1010.6333128453734,-1010.5576284232361,-1011.8048103274213
52.25829744338989,-4.0,1050.4408390395267,4957.575852001591,-4.0,970.3670190251107,4930.992536619814,-5.0,1091.5938131358735,5702.228596511337,1600.0,1400.0,1500,2050.0,-1010.4408390395267,-1010.3670190251107,-1011.5938131358733
52.29808235168457,-5.0,1050.251678627433,4999.3640251143215,-5.0,970.1796898348416,4969.570460120434,-5.0,1091.3864422852291,5745.614438319863,1600.0,1400.0,1500,2050.0,-1010.251678627433,-1010.1796898348416,-1011.3864422852291
52.3328218460083,-5.0,1050.0657748825556,5035.837020971027,-5.0,969.9955846991087,5003.298374470015,-6.0,1091.182635722318,5783.576464682751,1600.0,1400.0,1500,2050.0,-1010.0657748825557,-1009.9955846991087,-1011.182635722318
52.374332427978516,-4.0,1049.8830720310764,5079.418778914975,-4.0,969.8146484077043,5043.5594132561155,-5.0,1090.9823324352806,5828.864556552735,1600.0,1400.0,1500,2050.0,-1009.8830720310764,-1009.8146484077043,-1010.9823324352807
52.415504932403564,-4.0,1049.7035152397875,5122.638202078815,-4.0,969.6368266815326,5083.450811749133,-5.0,1090.785472440511,5873.722913539082,1600.0,1400.0,1500,2050.0,-1009.7035152397874,-1009.6368266815326,-1010.7854724405111
52.44893431663513,-5.0,1049.5270506031457,5157.727248742822,-5.0,969.4620661597794,5115.8900729799025,-6.0,1090.5919967686295,5910.215314752368,1600.0,1400.0,1500,2050.0,-1009.5270506031458,-1009.4620661597794,-1010.5919967686294
52.48357176780701,-5.0,1049.3536251297742,5194.068679616478,-5.0,969.2903143865419,5149.470982917242,-5.0,1090.401847449818,5948.0006937129165,1600.0,1400.0,1500,2050.0,-1009.3536251297742,-1009.2903143865419,-1010.4018474498181
52.51792240142822,-5.0,1049.1831867286242,5230.114039905389,-5.0,969.1215197971247,5182.726262691869,-5.0,1090.2149674987609,5985.404781316725,1600.0,1400.0,1500,2050.0,-1009.1831867286243,-1009.1215197971247,-1010.214967498761
52.559199810028076,-4.0,1049.0156841949556,5273.411187461955,-4.0,968.9556317041564,5222.748345140667,-4.0,1090.0313008993633,6030.445227779087,1600.0,1400.0,1500,2050.0,-1009.0156841949555,-1008.9556317041564,-1010.0313008993633
52.59378266334534,-5.0,1048.8510671962417,5309.681949676968,-5.0,968.7926002836355,5256.25842491947,-5.0,1089.8507925893773,6068.138236124357,1600.0,1400.0,1500,2050.0,-1008.8510671962416,-1008.7926002836355,-1009.8507925893772
52.628140926361084,-5.0,1048.6892862580862,5345.715592266114,-5.0,968.6323765609867,5289.534101139868,-5.0,1089.6733884450289,6105.577521005812,1600.0,1400.0,1500,2050.0,-1008.6892862580861,-1008.6323765609867,-1009.6733884450289
52.66191744804382,-5.0,1048.5302927502055,5381.129548510483,-5.0,968.4749123971849,5322.241889676628,-5.0,1089.4990352657105,6142.372852684797,1600.0,1400.0,1500,2050.0,-1008.5302927502055,-1008.4749123971849,-1009.4990352657105
52.69705080986023,-4.0,1048.3740388725219,5417.9624529371185,-4.0,968.3201604749872,5356.247687701159,-5.0,1089.3276807587877,6180.607197131596,1600.0,1400.0,1500,2050.0,-1008.374038872522,-1008.3201604749872,-1009.3276807587876
52.73124289512634,-4.0,1048.220477641395,5453.8082951910565,-4.0,968.168074285305,5389.337523293654,-5.0,1089.1592735245536,6217.831723980328,1600.0,1400.0,1500,2050.0,-1008.2204776413951,-1008.168074285305,-1009.1592735245534
52.7701621055603,-4.0,1048.0695628760145,5494.593337472937,-4.0,968.0186081137338,5427.035584156173,-4.0,1088.9937630413583,6260.241763221697,1600.0,1400.0,1500,2050.0,-1008.0695628760146,-1008.0186081137338,-1008.9937630413582
52.804155588150024,-4.0,1047.921249184968,5530.214081305238,-4.0,967.8717170272564,5459.947067896403,-5.0,1088.8310996509251,6297.289191129231,1600.0,1400.0,1500,2050.0,-1007.921249184968,-1007.8717170272564,-1008.8310996509251
52.84748935699463,-3.0,1047.775491952992,5575.624137694027,-3.0,967.7273568611307,5501.84842502856,-4.0,1088.6712345438677,6344.404162724797,1600.0,1400.0,1500,2050.0,-1007.775491952992,-1007.7273568611307,-1008.6712345438679
52.882720708847046,-4.0,1047.6322473279165,5612.529641611706,-4.0,967.5854842059647,5535.9684514873,-4.0,1088.5141197454163,6382.803814895906,1600.0,1400.0,1500,2050.0,-1007.6322473279166,-1007.5854842059647,-1008.5141197454162
52.92312288284302,-3.0,1047.4914722078029,5654.855319418282,-3.0,967.4460563949859,5575.023083393509,-4.0,1088.3597081013531,6426.724275642965,1600.0,1400.0,1500,2050.0,-1007.491472207803,-1007.4460563949859,-1008.359708101353
52.95769548416138,-4.0,1047.3531242282786,5691.064542004878,-4.0,967.3090314915049,5608.468932257586,-4.0,1088.2079532641665,6464.346974260623,1600.0,1400.0,1500,2050.0,-1007.3531242282786,-1007.3090314915049,-1008.2079532641666
52.99226188659668,-4.0,1047.2171617500694,5727.259576390698,-4.0,967.174368276575,5641.930417108227,-4.0,1088.0588096794181,6502.015361558804,1600.0,1400.0,1500,2050.0,-1007.2171617500695,-1007.174368276575,-1008.058809679418
53.027077436447144,-4.0,1047.083543846731,5763.713367132412,-4.0,967.0420262368469,5675.5943668860245,-4.0,1087.9122325723242,6539.887214690548,1600.0,1400.0,1500,2050.0,-1007.0835438467309,-1007.0420262368469,-1007.9122325723243
53.06068205833435,-4.0,1046.952230292572,5798.898297093993,-4.0,966.9119655526175,5708.089383184406,-4.0,1087.7681779345553,6576.447736614559,1600.0,1400.0,1500,2050.0,-1006.9522302925719,-1006.9119655526175,-1007.7681779345554
53.092939376831055,-4.0,1046.8231815507775,5832.668751274061,-4.0,966.7841470860712,5739.276860829645,-4.0,1087.626602511244,6611.507538471061,1600.0,1400.0,1500,2050.0,-1006.8231815507773,-1006.7841470860712,-1007.626602511244
53.126747369766235,-4.0,1046.6963587617206,5868.050463339185,-4.0,966.6585323697126,5771.958337070793,-4.0,1087.4874637882053,6648.291715646239,1600.0,1400.0,1500,2050.0,-1006.6963587617205,-1006.6585323697126,-1007.4874637882054
53.16688632965088,-3.0,1046.5717237314668,5910.058264730158,-3.0,966.5350835949866,5810.747597700517,-3.0,1087.3507199793669,6691.912473582347,1600.0,1400.0,1500,2050.0,-1006.5717237314668,-1006.5350835949866,-1007.3507199793669
53.207191944122314,-3.0,1046.449238920466,5952.241034176826,-3.0,966.4137636010867,5849.673461833525,-3.0,1087.2163300144007,6735.703845593683,1600.0,1400.0,1500,2050.0,-1006.4492389204662,-1006.4137636010867,-1007.2163300144008
53.24790716171265,-3.0,1046.3288674324313,5994.837552400547,-3.0,966.2945358639448,5889.050450737969,-3.0,1087.0842535265629,6780.022255715487,1600.0,1400.0,1500,2050.0,-1006.3288674324311,-1006.2945358639448,-1007.084253526563
53.280519247055054,-4.0,1046.2105730033973,6028.957658637615,-4.0,966.1773644854047,5920.5558237303185,-4.0,1086.9544508407298,6815.470366179749,1600.0,1400.0,1500,2050.0,-1006.2105730033974,-1006.1773644854047,-1006.9544508407299
53.32140612602234,-3.0,1046.0943199909657,6071.728192854165,-3.0,966.0622141825728,5960.0550925564685,-3.0,1086.826882961634,6859.907325401793,1600.0,1400.0,1500,2050.0,-1006.0943199909658,-1006.0622141825728,-1006.8268829616339
53.352619886398315,-4.0,1045.9800733637228,6104.375169173524,-4.0,965.9490502773459,5990.209449250228,-4.0,1086.701511562293,6893.807416066978,1600.0,1400.0,1500,2050.0,-1005.9800733637228,-1005.9490502773459,-1006.7015115622931
53.38420915603638,-4.0,1045.8677986908344,6137.415613260965,-4.0,965.8378386861119,6020.717258426275,-4.0,1086.5782989726329,6928.151319530603,1600.0,1400.0,1500,2050.0,-1005.8677986908344,-1005.8378386861119,-1006.5782989726329
53.42192506790161,-3.0,1045.7574621318156,6176.855813567091,-3.0,965.7285459096225,6057.14197263531,-3.0,1086.4572081682963,6969.1295980287305,1600.0,1400.0,1500,2050.0,-1005.7574621318156,-1005.7285459096225,-1006.4572081682962
53.45600390434265,-3.0,1045.6490304264676,6212.49580049716,-3.0,965.6211390230335,6090.017446857338,-3.0,1086.3382027596404,7006.09401825708,1600.0,1400.0,1500,2050.0,-1005.6490304264676,-1005.6211390230335,-1006.3382027596405
53.4866840839386,-3.0,1045.542470884984,6244.573729832603,-3.0,965.515585666111,6119.63848744399,-4.0,1086.221246980917,7039.417150417452,1600.0,1400.0,1500,2050.0,-1005.5424708849839,-1005.515585666111,-1006.221246980917
53.51659345626831,-4.0,1045.4377513782215,6275.842864541461,-3.0,965.4118540336015,6148.517262963881,-4.0,1086.106305679632,7071.90760515796,1600.0,1400.0,1500,2050.0,-1005.4377513782214,-1005.4118540336015,-1006.106305679632
53.54688858985901,-3.0,1045.3348403281334,6307.511173948966,-3.0,965.3099128657626,6177.758693956761,-4.0,1085.993344306083,7104.80248126153,1600.0,1400.0,1500,2050.0,-1005.3348403281333,-1005.3099128657626,-1005.9933443060829
53.576741218566895,-3.0,1045.2337066983623,6338.713898504864,-3.0,965.2097314390518,6206.571360951053,-4.0,1085.8823289030727,7137.21918214125,1600.0,1400.0,1500,2050.0,-1005.2337066983622,-1005.2097314390518,-1005.8823289030727
53.61260437965393,-3.0,1045.1343199849912,6376.195469800637,-3.0,965.1112795569704,6241.18445273902,-3.0,1085.7732260957935,7176.157665647184,1600.0,1400.0,1500,2050.0,-1005.1343199849911,-1005.1112795569704,-1005.7732260957935
53.64184379577637,-3.0,1045.0366502074485,6406.746997312338,-3.0,965.014527541063,6269.409887092296,-4.0,1085.666003081881,7207.91355361384,1600.0,1400.0,1500,2050.0,-1005.0366502074484,-1005.014527541063,-1005.666003081881
53.67039203643799,-3.0,1044.940667899566,6436.582948508766,-3.0,964.9194462220648,6296.946287199573,-4.0,1085.5606276216358,7238.892235226312,1600.0,1400.0,1500,2050.0,-1004.9406678995662,-1004.9194462220648,-1005.5606276216358
53.6999351978302,-9783.0,755.9695640127309,6458.912894365019,-9588.0,681.504679688066,6317.091951227694,-10608.0,771.9839739702461,7261.713070566,1600.0,1600.0,1500,2050.0,-715.9695640127309,-721.504679688066,-691.9839739702461
53.7287495136261,-7340.0,544.4732971360944,6474.602039141332,-7180.0,474.49734725385156,6330.771960406649,-7952.0,542.5526541801215,7277.366662756814,1600.0,1600.0,1500,2050.0,-504.4732971360944,-514.4973472538516,-462.5526541801215
53.7571747303009,-5455.0,389.4020842099864,6485.672641731762,-5315.0,323.5936608934096,6339.958916323975,-5914.0,374.76938886105336,7287.998655473741,1600.0,1600.0,1500,2050.0,-349.4020842099864,-363.5936608934096,-294.76938886105336
53.78441381454468,-4167.0,275.89474320444924,6493.18769610589,-4040.0,213.53458480951838,6345.775962885296,-4505.0,252.03442053069676,7294.864563363169,1400.0,1600.0,1500,2050.0,-235.89474320444927,-253.53458480951838,-172.03442053069676
53.81260323524475,-2958.0,192.49619717349094,6498.614098285847,-2837.0,133.55994861303543,6349.540972308602,-3188.0,162.16863271277836,7299.435461878855,1400.0,1600.0,1500,2050.0,-152.49619717349094,-173.55994861303543,-82.16863271277836
53.84058451652527,-2192.0,131.17331823857432,6502.283870316856,-2062.0,75.80267456864165,6351.664196999439,-2315.0,97.28563927871213,7302.162695161514,1400.0,1600.0,1500,2050.0,-91.17331823857434,-115.80267456864165,-17.285639278712125
53.868396520614624,-1607.0,86.46551377729688,6504.689061839317,-1509.0,33.866489144302165,6352.605114931585,-1741.0,48.96012437256165,7303.521969702103,1400.0,1600.0,1500,2050.0,-46.46551377729687,-73.86648914430216,31.039875627438352
53.90318989753723,-944.0,53.60972347198123,6506.554082305267,-863.0,3.8189062520921766,6352.738104120016,-997.0,14.22607881652263,7304.017672253219,1400.0,1600.0,1500,2050.0,-13.609723471981233,-43.81890625209218,65.77392118347737
53.93024826049805,-886.0,29.62557590693957,6507.355687764505,-795.0,-17.698548216561363,6352.259231476806,-915.0,-10.529855214529803,7303.732779224543,1400.0,1600.0,1500,2050.0,10.37442409306043,-22.301451783438637,90.5298552145298
53.959028482437134,-599.0,12.390876995217816,6507.7123560845375,-544.0,-33.345909077597796,6351.300276139513,-698.0,-30.579157541985012,7302.85398743629,1400.0,1600.0,1500,2050.0,27.609123004782184,-6.654090922402206,110.57915754198501
53.986116886138916,-477.0,-0.5181101492073878,6507.698320937073,-401.0,-44.21455663298261,6350.10291171024,-495.0,-43.97317927402966,7301.6630967886595,1400.0,1600.0,1500,2050.0,40.51811014920739,4.2145566329826085,123.97317927402966
54.01978397369385,-277.0,-9.83595402916498,6507.367173011587,-230.0,-51.94406153265369,6348.3541807492375,-304.0,-54.194233172276,7299.8387027673325,1441.2005325157663,1555.4224131104063,1500,2050.0,49.83595402916498,11.944061532653688,134.194233172276
54.053544998168945,-211.0,-16.942126700386225,6506.795274283068,-157.0,-57.250154728198495,6346.419404995678,-204.0,-61.096148858397214,7297.772989800877,1459.0309026366244,1535.7012867228993,1500,2050.0,56.942126700386225,17.250154728198495,141.0961488583972
54.07997274398804,-196.0,-22.112154765191683,6506.2107997103985,-137.0,-60.85654886673681,6344.812946275953,-181.0,-65.86519363685869,7296.035603233666,1462.122279440773,1530.8059091961593,1500,2050.0,62.11215476519168,20.85654886673681,145.8651936368587
54.10676145553589,-138.0,-25.80228549034817,6505.519626637588,-90.0,-63.25821337973137,6343.118400572424,-142.0,-69.67363243536502,7294.168920442514,1477.3351082068777,1518.365404613757,1500,2050.0,65.80228549034817,23.258213379731373,149.67363243536502
54.13368105888367,-94.0,-28.33065310569671,6504.757071257156,-58.0,-64.82465505856311,6341.371368279616,-112.0,-72.70200866835043,7292.20808450201,1488.784261116345,1510.0732820567273,1500,2050.0,68.33065310569671,24.82465505856311,152.70200866835043
54.160887718200684,-65.0,-30.112479830017108,6503.937674869112,-30.0,-65.65227484571368,6339.587458849203,-55.0,-74.19217976873108,7290.193932275193,1496.1537104740637,1502.7258741720061,1500,2050.0,70.11247983001711,25.652274845713677,154.19217976873108
54.186957120895386,-54.0,-31.525977035467164,6503.115773896538,-14.0,-66.01435363125643,6337.866378168373,-27.0,-74.88926479291558,7288.2415424538285,1498.8659655996453,1498.383102425548,1500,2050.0,71.52597703546716,26.014353631256427,154.88926479291558
54.21942758560181,-27.0,-32.39431675289117,6502.063938547945,-3.0,-66.09794275879656,6335.7200054200575,-12.0,-75.28513506922741,7285.796460651397,1505.968731370447,1495.4108108394469,1500,2050.0,72.39431675289117,26.09794275879656,155.2851350692274
54.245612382888794,-26.0,-33.07687096768093,6501.197827386769,6.0,-65.94854592625623,6333.993360517269,-0.0,-75.28800434423394,7283.825310820328,1505.9827406712795,1493.2044798724232,1500,2050.0,73.07687096768093,25.948545926256237,155.28800434423394
54.27232217788696,-14.0,-33.43951649466125,6500.30467272896,11.0,-65.64283984651001,6332.240210226597,-0.0,-75.29303211228762,7281.8147879055505,1509.2092238488503,1491.6235668833751,1500,2050.0,73.43951649466125,25.642839846510018,155.29303211228762
54.30446696281433,-9.0,-33.71316002946338,6499.22094633706,14.0,-65.20518622477934,6330.144032531846,1.0,-75.25705068385054,7279.395163802035,1510.4870818854913,1490.9627268140587,1500,2050.0,73.71316002946338,25.20518622477934,155.25705068385054
54.33852195739746,1.0,-33.69118368078135,6498.073617357124,14.0,-64.74302799809502,6327.939162756254,-9.0,-75.57729971421071,7276.821235117401,1512.9482670032148,1490.8563755021803,1500,2050.0,73.69118368078135,24.743027998095016,155.5772997142107
54.36563324928284,5.0,-33.562119334609946,6497.163688939886,25.0,-64.07045289875916,6326.202145282074,-5.0,-75.70493360842988,7274.769119504971,1514.0538692711957,1487.7454090315632,1500,2050.0,73.56211933460995,24.07045289875916,155.70493360842988
54.39389181137085,9.0,-33.295867352767246,6496.222811481731,29.0,-63.24499478073592,6324.414932670306,-0.0,-75.71617309248862,7272.629290753004,1515.3328361818499,1486.4167198545106,1500,2050.0,73.29586735276725,23.244994780735926,155.71617309248862
54.428423166275024,12.0,-32.891933003809015,6495.0881847768815,25.0,-62.38955023140716,6322.256431516449,0.0,-75.70569792658895,7270.006695394385,1516.0246716621214,1487.425354827999,1500,2050.0,72.89193300380902,22.389550231407163,155.70569792658895
54.46357727050781,10.0,-32.55545815698437,6493.9427100082685,31.0,-61.305956543802964,6320.103438768917,7.0,-75.46568845267893,7267.358228837229,1515.5053305599556,1485.5929236207073,1500,2050.0,72.55545815698437,21.305956543802964,155.46568845267893
54.49218010902405,-42.0,-33.75186586430135,6492.9771901332515,85.0,-58.88049344382185,6318.420988145821,257.0,-68.12192903574794,7265.413094057511,1501.5500921844261,1472.431598991286,1500,2050.0,73.75186586430135,18.880493443821848,148.12192903574794
54.52210783958435,27.0,-32.93509215898267,6491.991603944855,20.0,-58.27537154455856,6316.675549134806,-67.0,-70.12420978902384,7263.311409477675,1520.4332546104965,1487.57388156161,1500,2050.0,72.93509215898267,18.27537154455856,150.12420978902384
54.55204105377197,21.0,-32.30458867579567,6491.024862535218,23.0,-57.57489956189463,6314.949319587685,-33.0,-71.11446623135672,7261.178994825935,1518.7567949057873,1486.6739415545514,1500,2050.0,72.30458867579567,17.574899561894632,151.11446623135672
54.588529109954834,24.0,-31.436574744314115,6489.87758567291,14.0,-57.06029370366956,6312.8698851897025,-56.0,-73.1617558222892,7258.513005522794,1519.791108421332,1488.9656158567307,1500,2050.0,71.43657474431411,17.060293703669554,153.1617558222892
54.61911129951477,23.0,-30.74129200551225,6488.937530275727,23.0,-56.353776522060926,6311.14584526747,-33.0,-74.1759965485866,7256.245195478168,1519.56450205285,1486.4723825979377,1500,2050.0,70.74129200551225,16.35377652206093,154.1759965485866
54.65015196800232,41.0,-29.465791625337758,6488.022716776358,7.0,-56.14674950278315,6309.405194617303,-112.0,-77.63362909564395,7253.838634861344,1525.233042263171,1490.6398762723138,1500,2050.0,69.46579162533776,16.146749502783152,157.63362909564395
54.68181872367859,18.0,-28.893117985478384,6487.107855020916,25.0,-55.3648211739057,6307.650043151837,-10.0,-77.95472909412973,7251.365638067643,1518.649334649122,1485.899598454325,1500,2050.0,68.89311798547838,15.364821173905705,157.95472909412973
54.71410822868347,9150.0,266.5783446437531,6495.716554730166,8704.0,225.40425706346895,6314.920603878508,9929.0,242.14333135767583,7259.171798648643,1600.0,1400.0,1500,2050.0,-226.5783446437531,-265.40425706346895,-162.14333135767583
54.75402307510376,-1965.0,188.12895008513323,6503.225917147209,-1879.0,150.3990634217965,6320.923436675365,-2190.0,154.73117005775936,7265.347574411644,1400.0,1600.0,1500,2050.0,-148.12895008513323,-190.3990634217965,-74.73117005775936
54.78613591194153,-1785.0,130.82492982686188,6507.426889626488,-1707.0,95.58911774146654,6323.993347899523,-1985.0,90.9731807234744,7268.269263286884,1400.0,1600.0,1500,2050.0,-90.82492982686188,-135.58911774146654,-10.973180723474396
54.818262338638306,-1289.0,89.42926700838733,6510.299953739179,-1259.0,55.132051618522496,6325.764385980423,-1499.0,42.81839086102961,7269.644732469056,1400.0,1600.0,1500,2050.0,-49.42926700838733,-95.1320516185225,37.18160913897039
54.856765270233154,-779.0,59.43635213370699,6512.5881157835565,-769.0,25.509119943293456,6326.747449830472,-922.0,7.28495179472624,7269.925623949287,1400.0,1600.0,1500,2050.0,-19.43635213370699,-65.50911994329346,72.71504820527376
54.895374059677124,-568.0,37.48384625483514,6514.035589816521,-560.0,3.913915253324703,6326.898391527068,-647.0,-17.635660208911972,7269.2458677182185,1400.0,1600.0,1500,2050.0,2.5161537451648552,-43.9139152533247,97.63566020891197
54.92841458320618,-487.0,21.38749640311493,6514.742203101244,-469.0,-11.578134897065723,6326.515738991765,-511.0,-34.520866285012644,7268.10495100685,1400.0,1600.0,1500,2050.0,18.61250359688507,-28.421865102934277,114.52086628501264
54.96205139160156,-332.0,10.210853259035265,6515.085612492272,-340.0,-23.024754696390787,6325.740474727002,-384.0,-47.46174504131244,7266.506011230947,1428.7427372763439,1581.0881681451633,1500,2050.0,29.789146740964735,-16.975245303609213,127.46174504131244
54.995604038238525,-232.0,2.416789943053793,6515.166713139172,-251.0,-31.446868340242098,6324.686316245522,-282.0,-56.89556858018767,7264.599808705054,1456.481710831023,1557.0049563637892,1500,2050.0,37.58321005694621,-8.553131659757904,136.89556858018767
55.02859854698181,-164.0,-2.9813887008924524,6515.068337997066,-187.0,-37.62615471563033,6323.44500328717,-195.0,-63.337020177816385,7262.510306652026,1475.0216136650297,1539.8802000943604,1500,2050.0,42.98138870089245,-2.373845284369674,143.33702017781638
55.06847310066223,-90.0,-6.55466811197234,6514.807012600444,-115.0,-42.20652366454478,6321.760698638664,-129.0,-68.47865859136098,7259.776158855476,1494.7559907744867,1520.6368329600705,1500,2050.0,46.55466811197234,2.2065236645447825,148.47865859136098
55.10076355934143,-75.0,-8.963246167961614,6514.517542530338,-104.0,-45.55563520156702,6320.291196004647,-104.0,-71.83300577470334,7257.460457320772,1498.335304673825,1518.3144012219525,1500,2050.0,48.963246167961614,5.555635201567022,151.83300577470334
55.13290739059448,-43.0,-10.34487107072399,6514.1850162738965,-80.0,-48.12226187305928,6318.743673745006,-87.0,-74.61936874007131,7255.060784113218,1506.5957266851049,1512.3278313198555,1500,2050.0,50.34487107072399,8.122261873059282,154.6193687400713
55.17190742492676,7494.0,281.8647983307364,6525.175938637128,7188.0,232.33525793857365,6327.8089666524065,8225.0,246.48872003997724,7264.683255455759,1600.0,1400.0,1500,2050.0,-241.8647983307364,-272.33525793857365,-166.48872003997724
55.211525678634644,5394.0,495.59686971370223,6544.812157231799,5178.0,437.47152631240067,6345.1398858597695,5929.0,481.3604485735682,7283.752194353176,1600.0,1400.0,1500,2050.0,-455.59686971370223,-477.47152631240067,-401.3604485735682
55.2476692199707,4324.0,651.8811812986556,6568.375161280701,4153.0,587.4705653294876,6366.357605428857,4758.0,653.1047487104645,7307.327660359874,1600.0,1400.0,1500,2050.0,-611.8811812986556,-627.4705653294876,-573.1047487104645
55.28035545349121,3495.0,766.1129410830173,6593.411758731493,3351.0,697.1083906512223,6389.164394727378,3835.0,778.6388607826319,7332.816488595576,1600.0,1400.0,1500,2050.0,-726.1129410830173,-737.1083906512223,-698.6388607826319
55.31710767745972,2271.0,849.5624288906151,6624.635877599178,2179.0,777.2019936261636,6417.729778861056,2495.0,870.347290613943,7364.807214768995,1600.0,1400.0,1500,2050.0,-809.5624288906151,-817.2019936261636,-790.347290613943
55.348827600479126,1920.0,910.4801998072534,6653.517324824737,1843.0,835.6700936438903,6444.241553165141,2109.0,937.2962776250241,7394.567231491712,1600.0,1400.0,1500,2050.0,-870.4801998072534,-875.6700936438903,-857.2962776250241
55.38067817687988,1395.0,954.9061674767245,6683.930270663279,1339.0,878.3096802476057,6472.210568795051,1535.0,986.1228672209944,7425.941957372821,1600.0,1400.0,1500,2050.0,-914.9061674767245,-918.3096802476057,-906.1228672209944
55.41876006126404,850.0,987.2619075613837,6721.52659372075,815.0,909.3644942569754,6506.841099137791,934.0,1021.6857716542677,7464.828971751948,1600.0,1400.0,1500,2050.0,-947.2619075613837,-949.3644942569754,-941.6857716542677
